0 -0.224066270099953335215303695804323069751262664794921875 -0.11682287210122717369120692865180899389088153839111328125 0.366244883908589835552760405334993265569210052490234375
1 -0.2302239180460879108824912009367835707962512969970703125 -0.00960585027881604748556387818325674743391573429107666015625 0.348828425433107158770695832572528161108493804931640625
2 -0.180570680751734158331345270198653452098369598388671875 -0.040145177138335819133629911448224447667598724365234375 0.4892689886279140143443555643898434937000274658203125
3 -0.2038949489047967300603403373315813951194286346435546875 0.006797822440562913647033038699873941368423402309417724609375 0.423297995918940406223640593452728353440761566162109375
4 -0.2499006941417187543930111814916017465293407440185546875 0.09507479070319350966666860358600388281047344207763671875 0.293174098196666010895938825342454947531223297119140625
5 0.94280904158206346732384872666443698108196258544921875 0 -0.333333333333333314829616256247390992939472198486328125
6 -0.133944534476223064967115305989864282310009002685546875 0.04980459920272771456861704564289539121091365814208984375 0.62114764547595269217339364331564866006374359130859375
7 -0.2020649420142483221329854359282762743532657623291015625 0.032549581148720231615900644328576163388788700103759765625 0.428474037046640054970936262179748155176639556884765625
8 -0.1844684622482828106893038011548924259841442108154296875 0.04034589512318460802209330040568602271378040313720703125 0.478244397716743263604399771793396212160587310791015625
9 -0.172735468204527453650598545209504663944244384765625 0.08559268466439233502551786614276352338492870330810546875 0.51143031632458535451490888590342365205287933349609375
10 -0.217917799657335209406738840698380954563617706298828125 0.055469409165432359554159802428330294787883758544921875 0.38363538448419298720892811616067774593830108642578125
11 -0.2288207485451940470522202986103366129100322723388671875 0.1061059991644927313902968535330728627741336822509765625 0.3527971881100511186701851329416967928409576416015625
12 -0.230915105534911957452237629695446230471134185791015625 -0.0211924923561421126028125883067332324571907520294189453125 0.34687345199143149176990164050948806107044219970703125
13 -0.2316013535057806216332920712375198490917682647705078125 -0.036303444541640979281726941962915589101612567901611328125 0.3449324496163246323021667194552719593048095703125
14 -0.2318966628522096673492569607333280146121978759765625 -0.0566997635897224239176495075298589654266834259033203125 0.34409718865069305326898074781638570129871368408203125
15 -0.230558501672478988187009463217691518366336822509765625 -0.07967191782605199945610507938908995129168033599853515625 0.3478820800287252268390147946774959564208984375
16 -0.227650245115283256236438091946183703839778900146484375 -0.09997852702999888985235799054862582124769687652587890625 0.356107871760818206485765813340549357235431671142578125
17 -0.215472716904800354331683820419129915535449981689453125 -0.11162922262472681211864511396925081498920917510986328125 0.390551122863709687660360714289708994328975677490234375
18 -0.2056282168690606593219882824996602721512317657470703125 -0.1014367935505805229379205911754979752004146575927734375 0.418395573794361208541658925241790711879730224609375
19 -0.19570844905309103811674731332459487020969390869140625 -0.084765410267926666332272134241065941751003265380859375 0.446452914156233671150175723596476018428802490234375
20 -0.1880352871357696964427219654680811800062656402587890625 -0.06640398683564323334405088417042861692607402801513671875 0.468155893455754423815307063705404289066791534423828125
21 -0.1832526603170768486616992731796926818788051605224609375 -0.051883018737337034675949354323165607638657093048095703125 0.481683204877283721589975584720377810299396514892578125
22 -0.2014143388511364651805024550412781536579132080078125 0.00187297740993160413171259026654524859623052179813385009765625 0.430314220680631132065485644488944672048091888427734375
23 -0.197964161178439790322869384908699430525302886962890625 -0.00416857029456075244000512469710884033702313899993896484375 0.440072796795279774784148685284890234470367431640625
24 -0.193798912495352249063529370687319897115230560302734375 -0.01228515129306703181077953246358447358943521976470947265625 0.451853899151837767877992746434756554663181304931640625
25 -0.1890318068440486054537785776119562797248363494873046875 -0.0216824559401485213172566801631546695716679096221923828125 0.465337310082515276388193115053582005202770233154296875
26 -0.1843825174842919356610337899837759323418140411376953125 -0.0310181102757703108796505375721608288586139678955078125 0.47848748621844416906156993718468584120273590087890625
27 -0.2259339343898678909017263549685594625771045684814453125 -0.005699926186213809253811035659964545629918575286865234375 0.360962331571077654768231468551675789058208465576171875
28 -0.22109157675736945680711187378619797527790069580078125 -0.001515499310729673775044457073590820073150098323822021484375 0.3746585872465579836187998807872645556926727294921875
29 -0.2158639349612140601042398202480399049818515777587890625 0.00147205851610815170553425712540729364263825118541717529296875 0.389444591101260340071377186177414841949939727783203125
30 -0.210905609751300848753174932426190935075283050537109375 0.0036096346789219226069977963788915076293051242828369140625 0.403468852618291073941492186349933035671710968017578125
31 -0.206930255981218225169726565582095645368099212646484375 0.00547551266788368941329512296078974031843245029449462890625 0.41471285105205535348460443856311030685901641845703125
32 -0.2338420164901949538371894732335931621491909027099609375 -0.00191287877110076789087533821742681539035402238368988037109375 0.3385948976537929144825511684757657349109649658203125
33 -0.23826835802578105738547264991211704909801483154296875 0.009185195860794310995789402340960805304348468780517578125 0.326075313191150240044180463883094489574432373046875
34 -0.24290692929780133280104337245575152337551116943359375 0.0272832906428673756249470017110070330090820789337158203125 0.3129554523852993153099077972001396119594573974609375
35 -0.246554940823648482961516492650844156742095947265625 0.0506985124729637248730540477481554262340068817138671875 0.302637317634206481908876185116241686046123504638671875
36 -0.2488077991848539893826597335646511055529117584228515625 0.07376001648740293514805443919613026082515716552734375 0.296265271937160845627801109003485180437564849853515625
37 -0.257952255614850078924149556769407354295253753662109375 0.10972323526032919105421825634039123542606830596923828125 0.270400843329499929179604578166618011891841888427734375
38 -0.270905500116486230854917494070832617580890655517578125 0.1347976745851060254022257822725805453956127166748046875 0.233763535227602792243573048835969530045986175537109375
39 -0.29482841000749626658716806559823453426361083984375 0.1874779553952025390461955112186842598021030426025390625 0.1660993279890099760809363260705140419304370880126953125
40 -0.343394975039265137883859324574586935341358184814453125 0.3212021729311533846384918433614075183868408203125 0.028732338097403421761644182197414920665323734283447265625
41 -0.471404520791031733661924363332218490540981292724609375 0.8164965809277260344600790631375275552272796630859375 -0.333333333333333314829616256247390992939472198486328125
42 -0.2293342465541800823114471086228149943053722381591796875 -0.13912656808789247708801894987118430435657501220703125 0.3513447964129301492874901668983511626720428466796875
43 -0.239888065874376776864806970479548908770084381103515625 -0.1733454265110996594945191873193834908306598663330078125 0.32149408757801511971052832450368441641330718994140625
44 -0.257684934601706938650522715761326253414154052734375 -0.2363559170051079127983229000165010802447795867919921875 0.27115694133408652088945700597832910716533660888671875
45 -0.28918716144236233933639823590056039392948150634765625 -0.358277289398886533700050449624541215598583221435546875 0.182055188448068172579752399542485363781452178955078125
46 -0.336717514850736920895002413089969195425510406494140625 -0.58321184351980426274764113259152509272098541259765625 0.04761904761904778293768458752310834825038909912109375
47 -0.174124935078481424266527710642549209296703338623046875 -0.0375005848824539744779116290374076925218105316162109375 0.507500310529357623323676307336427271366119384765625
48 -0.165366007645097845557558002838050015270709991455078125 -0.03184182584752344447043270747599308378994464874267578125 0.53227429846562357429462508662254549562931060791015625
49 -0.153872210118239483023216962465085089206695556640625 -0.0195485825748817169944526739300272311083972454071044921875 0.5647836671569301802975360260461457073688507080078125
50 -0.1428565544513589191666369515587575733661651611328125 0.00121354813416304292868208580813416119781322777271270751953125 0.595940646441999177795878495089709758758544921875
51 -0.1360059761355486285250293576609692536294460296630859375 0.025788804606944014385927488319794065319001674652099609375 0.6153170079706347106451858053333126008510589599609375
52 0.56568542494923812480323022100492380559444427490234375 0 0.1999999999999999555910790149937383830547332763671875
53 0.1537875892284746581761822881162515841424465179443359375 0.1143417302679853031488477199673070572316646575927734375 0.50243261012491780004296515471651218831539154052734375
54 -0.0785674201318386222769873938887030817568302154541015625 0.13608276348795433907667984385625459253787994384765625 0.77777777777777779011358916250173933804035186767578125
55 -0.09270060450984367317328604940485092811286449432373046875 0.07948435858106393803179656742941006086766719818115234375 0.73780309572399060957792471526772715151309967041015625
56 -0.11836357437650969759435071182451792992651462554931640625 0.05932139243067609257753503015919704921543598175048828125 0.66521725565156952786338706573587842285633087158203125
57 -0.2033398485404973865531275123430532403290271759033203125 0.0129426486614417461662451813708685222081840038299560546875 0.42486805684628148327419694396667182445526123046875
58 -0.202809025661578379295946206184453330934047698974609375 0.01941747420085200570571970501987379975616931915283203125 0.426369450675451899801515764920623041689395904541015625
59 -0.20236125754135392273980187383131124079227447509765625 0.026041940662203007239572372100155916996300220489501953125 0.42763593017229151183045132711413316428661346435546875
60 -0.19392161958273834709842731172102503478527069091796875 0.03957900637251070274924558134443941526114940643310546875 0.45150683109747669075062503907247446477413177490234375
61 -0.1987320201914045403324138305833912454545497894287109375 0.03459351455505056682770970155615941621363162994384765625 0.437900963535029885687066553145996294915676116943359375
62 -0.1789492057690304227524080715738818980753421783447265625 0.056366180301014423559280430708895437419414520263671875 0.49385521245109142984830441491794772446155548095703125
63 -0.175567157435657261732586675861966796219348907470703125 0.07072341443265595106737464448087848722934722900390625 0.50342108969440635402037287349230609834194183349609375
64 -0.1604545322901172743623732230844325385987758636474609375 0.08221267884629092359549673574292683042585849761962890625 0.54616604858217232543182717563468031585216522216796875
65 -0.147075925438120924670926115140900947153568267822265625 0.06520338643411867363131051433811080642044544219970703125 0.58400646309367398867351539593073539435863494873046875
66 -0.20953189817826933794009391931467689573764801025390625 0.046121642961057307541494765246170572936534881591796875 0.407354295693032053549131887848488986492156982421875
67 -0.2051060628019759912721298178439610637724399566650390625 0.037511246901457739877372432601987384259700775146484375 0.4198724485210016954539469224982894957065582275390625
68 -0.2217428781103080448477982145050191320478916168212890625 0.07421936188447746107765823353474843315780162811279296875 0.372816428833522006680567528746905736625194549560546875
69 -0.22511566237080715691121213239966891705989837646484375 0.0899309312875141986243221481345244683325290679931640625 0.36327675434520900754620242878445424139499664306640625
70 -0.2431922476734806881637496189796365797519683837890625 0.10214496323390832854816068220316083170473575592041015625 0.312148450152338552410213878829381428658962249755859375
71 -0.2359949422054483381128164865003782324492931365966796875 0.105785828132410220092651798040606081485748291015625 0.33250550416320556745830572253908030688762664794921875
72 -0.1815220499049599311991443073566188104450702667236328125 0.103066761947022633716386508240248076617717742919921875 0.48657811030928355133795548681518994271755218505859375
73 -0.1949353103969978795451112318914965726435184478759765625 0.11924108278066924970772788583417423069477081298828125 0.44863968050231728401655573179596103727817535400390625
74 -0.211530097737298916626969003118574619293212890625 0.128946100470653579606050698203034698963165283203125 0.40170253385961507408552506603882648050785064697265625
75 -0.2248814975151034178946218844430404715240001678466796875 0.1246984564335273659718694716502795927226543426513671875 0.36393907257474322758383777909330092370510101318359375
76 -0.192450018490945062854535763108287937939167022705078125 0.05396766076982661974881239075330086052417755126953125 0.455669147542309971310459104643086902797222137451171875
77 -0.198622881126396200190953322817222215235233306884765625 0.061572621240717051449564678478054702281951904296875 0.438209655426868238681237244236399419605731964111328125
78 -0.20478583534839811530758879598579369485378265380859375 0.0642497582361423180685733314021490514278411865234375 0.42077818853678916610761007177643477916717529296875
79 -0.2106322259350136560929200868486077524721622467041015625 0.061898974916609068863682097116907243616878986358642578125 0.404242098819745099280709155209478922188282012939453125
80 -0.223514825980058284837781457099481485784053802490234375 -0.063234126320611150351425067128730006515979766845703125 0.367804603415083419815090337579022161662578582763671875
81 -0.211971527882575172530010831906110979616641998291015625 -0.008909680559864442683792873367565334774553775787353515625 0.400453980863036018700285012528183870017528533935546875
82 -0.1961144740989336499037420935565023683011531829833984375 -0.0259875524197361353062607491892777034081518650054931640625 0.44530450190324699644150996391545049846172332763671875
83 -0.19791245189351680533462740640970878303050994873046875 -0.061133609492640177129896272845144267193973064422607421875 0.440219052739355409809007824151194654405117034912109375
84 -0.2260794980667257536577352539097773842513561248779296875 -0.0275183763720391709461932094882286037318408489227294921875 0.360550615319074785336539434865699149668216705322265625
85 -0.213834228385799185456761506429756991565227508544921875 -0.09033086858665757834518927893441286869347095489501953125 0.395185468234438064261127010468044318258762359619140625
86 -0.2028950388817850336575787650872371159493923187255859375 -0.007666383699043296910680123090742199565283954143524169921875 0.42612616855033202956093418833916075527667999267578125
87 -0.225127416787138379117294562092865817248821258544921875 -0.043941081986576813189770973622216843068599700927734375 0.363243507835222578794542869218275882303714752197265625
88 -0.217706758372361586229004615233861841261386871337890625 -0.048189148043234431018078112174407579004764556884765625 0.38423229937905267750153370798216201364994049072265625
89 -0.2140993059827863420618854206622927449643611907958984375 -0.067392466432504349871379645264823921024799346923828125 0.39443571556895695717770422561443410813808441162109375
90 -0.2102012077056491790028047716987202875316143035888671875 -0.048608066839323671448624963886686600744724273681640625 0.40546120247093864197296397833270020782947540283203125
91 -0.21333239183284347095792554682702757418155670166015625 -0.034257513628177964359888818535182508639991283416748046875 0.396604876353008173328618113373522646725177764892578125
92 -0.2067753517007997476895297950250096619129180908203125 -0.034629188066168166415526030732507933862507343292236328125 0.415150986520529674539403686139849014580249786376953125
93 -0.2096636341735546305020676527419709600508213043212890625 -0.022086931865731594670787529821609496138989925384521484375 0.40698169003066109183919252245686948299407958984375
94 -0.2032003108955751924380450645912787877023220062255859375 -0.021675217526235072973417317143685068003833293914794921875 0.425262728906101672432527038836269639432430267333984375
95 -0.2156819970990016266387812038374249823391437530517578125 -0.020330113902397257963361454358164337463676929473876953125 0.3899591890857598830422148239449597895145416259765625
96 -0.2031156933237726891494645542479702271521091461181640625 -0.0468673844626495694765111466040252707898616790771484375 0.425502063541417008263323396022315137088298797607421875
97 -0.1903013911717865713768560453900136053562164306640625 -0.04978308179046807280254682837039581499993801116943359375 0.461746383332787058151325254584662616252899169921875
98 -0.205560066200930868784979566044057719409465789794921875 -0.07756197478891946328616313621751032769680023193359375 0.418588332992668787913004280198947526514530181884765625
99 -0.2199654019456938891519115486516966484487056732177734375 -0.031701633052212636887379204608805594034492969512939453125 0.377843890631106571476038880064152181148529052734375
100 -0.2218643495160923517772744162357412278652191162109375 -0.015973564380850215072005227057161391712725162506103515625 0.3724728558145209422747257121955044567584991455078125
101 -0.1903483053262024216056857994772144593298435211181640625 -0.035392725157615857745074805507101700641214847564697265625 0.46161369006590302621617638578754849731922149658203125
102 -0.221700310213374718326662105027935467660427093505859375 -0.08351038004557691241114270042089628987014293670654296875 0.372936829027850524909126761485822498798370361328125
103 -0.207370616319172140773474666275433264672756195068359375 -0.0032611739068589321553781612550437785102985799312591552734375 0.413467323927523444648812755986000411212444305419921875
104 -0.20113887227340343510917364255874417722225189208984375 -0.03428001407489116025839592794000054709613323211669921875 0.431093357821051126332889680270454846322536468505859375
105 -0.1987945795100171941793831820177729241549968719482421875 -0.0143565750465284580617009169145603664219379425048828125 0.43772401906135971483280400207149796187877655029296875
106 -0.2070202256305324339802353961204062215983867645263671875 -0.01271987751154666883290911272297307732515037059783935546875 0.414458378455530851436350303629296831786632537841796875
107 -0.1964885313479359518762379366307868622243404388427734375 -0.042240727899666825895241828447979060001671314239501953125 0.444246508233960113454230622664908878505229949951171875
108 -0.217294677243250522469253382951137609779834747314453125 -0.00905135992754668890214464482824041624553501605987548828125 0.38539784082222705574594101562979631125926971435546875
109 -0.2061777450213312101734430825672461651265621185302734375 -0.060312700403207443466957471400746726430952548980712890625 0.416841273462667361027200740863918326795101165771484375
110 -0.1857711110102183982295542818974354304373264312744140625 -0.04164442261990541904737028744420967996120452880859375 0.474559950624466375668220052830292843282222747802734375
111 -0.227003361110737211792098833029740490019321441650390625 -0.0159980419148122721129112733251531608402729034423828125 0.35793753602584243989070955649367533624172210693359375
112 -0.220544754143842169913369843925465829670429229736328125 -0.10045437407763747883482352563078165985643863677978515625 0.376205235159081274876058387235389091074466705322265625
113 -0.204501039787621741172785050366655923426151275634765625 0.00064375098249519545172414591860388100030831992626190185546875 0.421583712025896506503386262920685112476348876953125
114 -0.2414760518713393866452321390170254744589328765869140625 -0.073132404346419821461466881373780779540538787841796875 0.317002584910490770031543661389150656759738922119140625
115 -0.253003469541046410729023818930727429687976837158203125 0.0311506490623944358453467629033184493891894817352294921875 0.28439812409521303404602576847537420690059661865234375
116 -0.316151186803430572780371221597306430339813232421875 0.08359895127121165503414346176214166916906833648681640625 0.10578940772448038043496154614331317134201526641845703125
117 -0.2909360758991466067158171426854096353054046630859375 -0.220000282276179570661867046510451473295688629150390625 0.1771085113596398141755372535044443793594837188720703125
118 -0.2390058093460961374798756651216535829007625579833984375 -0.008614905171673063744020026888392749242484569549560546875 0.323989485873591054332365501977619715034961700439453125
119 -0.241429927025183010957931628581718541681766510009765625 -0.13227228968448312418360046649468131363391876220703125 0.3171330456764831495775069925002753734588623046875
120 -0.265259176578829414250293439181405119597911834716796875 0.086327950942376385778942449178430251777172088623046875 0.2497337498766040997377757548747467808425426483154296875
121 -0.37655298856908669957732627153745852410793304443359375 -0.006363059731156633404280942301056711585260927677154541015625 -0.06505268677304530677840688213109388016164302825927734375
122 -0.310996872340885965879664354361011646687984466552734375 -0.096218262811725130401185879236436448991298675537109375 0.1203680105598126937049840989857329986989498138427734375
123 -0.287474147834474058615938929506228305399417877197265625 0.006102410813754986958212800374212747556157410144805908203125 0.186900322601681490031211296809487976133823394775390625
124 -0.278797797658703772061272729843039996922016143798828125 -0.06359837834532937328457791181790526024997234344482421875 0.2114407467826261710630575407776632346212863922119140625
125 -0.267899362338915369985414827169734053313732147216796875 -0.01461033943426074711846585074681570404209196567535400390625 0.2422661768584084551747537261690013110637664794921875
126 -0.26122840289033677496632890324690379202365875244140625 -0.053526175279176517463053386336468975059688091278076171875 0.261134499510849826808822626844630576670169830322265625
127 -0.264087946575125409598427950186305679380893707275390625 -0.09683164172377155265447612464413396082818508148193359375 0.2530464885883965120427774309064261615276336669921875
128 -0.254566891265587014192561809977632947266101837158203125 -0.0218208376549761974561025823504678555764257907867431640625 0.2799760996821045733184973869356326758861541748046875
129 -0.248942609734953024247516850664396770298480987548828125 -0.04868694481380199390319063468268723227083683013916015625 0.29588397012055889234716232749633491039276123046875
130 -0.26068157738856434502139336473192088305950164794921875 -0.1558827430269807690077499273684225045144557952880859375 0.262681155592564941070321538063581101596355438232421875
131 -0.2471353037632036675486091326092719100415706634521484375 0.0028852282920986175272781704137514680041931569576263427734375 0.30099580335377107420669062776141799986362457275390625
132 -0.283659727029374864049060533943702466785907745361328125 0.08939249103004072438682925394459743984043598175048828125 0.1976891338720199176037795041338540613651275634765625
133 -0.267339940835533196317186366286478005349636077880859375 0.038050003172592834765897151783065055496990680694580078125 0.243848459812741003016611784914857707917690277099609375
134 -0.34596585564887505359621400202740915119647979736328125 -0.34676121977757967673738903613411821424961090087890625 0.021460789646698306964989200196214369498193264007568359375
135 -0.256094708977234797320221559857600368559360504150390625 0.06085591910627426159852149112339247949421405792236328125 0.27565477862481235771241472320980392396450042724609375
136 -0.237112914002608754504564103626762516796588897705078125 -0.10147630562398284037595175277601811103522777557373046875 0.329343402407415053456674058907083235681056976318359375
137 -0.23648761049723543425926663985592313110828399658203125 -0.024553346428331505879594232055751490406692028045654296875 0.33111202780321302707733366332831792533397674560546875
138 -0.2391018272964623159193564561064704321324825286865234375 -0.043915606517033835276553332960247644223272800445556640625 0.3237179060983119693872822608682326972484588623046875
139 -0.253075809768736170735081714155967347323894500732421875 -0.07560890970291922474899592998553998768329620361328125 0.284193515033004384662262964411638677120208740234375
140 -0.2442066753172562332263595408221590332686901092529296875 -0.024117735382286335787949127507090452127158641815185546875 0.309279215488591663341111370755243115127086639404296875
141 -0.2496440377719262304623271120362915098667144775390625 -0.1058673823514262313238987189834006130695343017578125 0.2939000320347258110587063129059970378875732421875
142 -0.281100053972485219855315108361537568271160125732421875 -0.126506261636797290304201624167035333812236785888671875 0.204928982576608020860220449321786873042583465576171875
143 -0.25798899354885718171459529912681318819522857666015625 0.007130940687569788972999251797091346816159784793853759765625 0.27029693276044763905474610510282218456268310546875
144 -0.471404520791031733661924363332218490540981292724609375 -0.8164965809277260344600790631375275552272796630859375 -0.333333333333333314829616256247390992939472198486328125
145 -0.255602926899497429058527586676063947379589080810546875 0.08514838249991525664928104788486962206661701202392578125 0.277045748392948654181822121245204471051692962646484375
146 -0.231918720559441682294021802590577863156795501708984375 -0.11793531250551690658934234079424641095101833343505859375 0.344034800033247323280960472402512095868587493896484375
147 -0.234094891982905284333327244894462637603282928466796875 -0.01317589460121269991088599482509380322881042957305908203125 0.33787965775102712928656956137274391949176788330078125
148 -0.2344445757731189738937160882414900697767734527587890625 -0.2967649989988048186972946496098302304744720458984375 0.336890602633698577061949208655278198421001434326171875
149 -0.1350052433154360354006229272272321395576000213623046875 -0.031760316278057747207963501523408922366797924041748046875 0.61814750782366456594019155090791173279285430908203125
150 -0.183206726157500499052588338599889539182186126708984375 -0.08664001105519199275040165275640902109444141387939453125 0.481813126300181970851355117702041752636432647705078125
151 0 0 1
152 -0.21922555844395363866539128139265812933444976806640625 -0.1625702794434376319276935873858747072517871856689453125 0.379936484059493595477619010125636123120784759521484375
153 0.377123616632825398031769736917340196669101715087890625 0 0.46666666666666667406815349750104360282421112060546875
154 -0.169258917687590215717108321769046597182750701904296875 -0.0517657014184492447750329802147462032735347747802734375 0.52126348610724104748470608683419413864612579345703125
155 -0.12049065085664802110532178858193219639360904693603515625 -0.00016675353575617903891491200507601888602948747575283050537109375 0.65920097483873674182319746250868774950504302978515625
156 -0.09749273361475076227211644663839251734316349029541015625 -0.047602984469658569943728565476703806780278682708740234375 0.72424890777838601962912434828467667102813720703125
157 -0.1403134657032449883473645968479104340076446533203125 -0.07604413708694134077514803493613726459443569183349609375 0.6031335876378005611542221231502480804920196533203125
158 -0.127777563746272748712584643726586364209651947021484375 -0.128949664225522175886595732663408853113651275634765625 0.638590472766058514508813459542579948902130126953125
159 -0.16038018197400061293222961467108689248561859130859375 -0.12002150380736127666114754219961469061672687530517578125 0.54637634303300963711791382593219168484210968017578125
160 -0.16644849227519775691774839287973009049892425537109375 -0.180102253877289009142970144239370711147785186767578125 0.52921256957572582191318133482127450406551361083984375
161 -0.1839829396465596234033768041626899503171443939208984375 -0.145997173981712913271024945061071775853633880615234375 0.47961766301313257798710765200667083263397216796875
162 -0.1346870059402947850113463346133357845246791839599609375 -0.233284737407921716201286699288175441324710845947265625 0.619047619047619068766152850002981722354888916015625
163 -0.2036176214702067055473122536568553186953067779541015625 -0.2002871871350303256686942177111632190644741058349609375 0.4240823963573674415528103054384700953960418701171875
164 0.1885618083164126990158848684586700983345508575439453125 0 0.73333333333333339254522798000834882259368896484375
165 -0.193907946061767255674368470863555558025836944580078125 -0.1154160858845845183395795174874365329742431640625 0.451545505655079615348057586743379943072795867919921875
166 -0.155005845148374066244656432900228537619113922119140625 -0.048412988135271693701522366382050677202641963958740234375 0.56157726308813504800809823791496455669403076171875
167 -0.1662192264206356628886140924805658869445323944091796875 -0.07951736560577661594440002090777852572500705718994140625 0.52986103133754902660967900374089367687702178955078125
168 -0.0915187087115065522890944293976644985377788543701171875 0.020342348542628209406846195861362502910196781158447265625 0.74114600185863144243825217927224002778530120849609375
169 -0.177830044221646499380540262791328132152557373046875 -0.06421878967029541473987563904302078299224376678466796875 0.497020679328684433784246721188537776470184326171875
170 -0.269374011880589570022692669226671569049358367919921875 -0.46656947481584343240257339857635088264942169189453125 0.23809523809523813753230570000596344470977783203125
171 -0.209285894607974476411271780307288281619548797607421875 -0.1289171991506677661387669786563492380082607269287109375 0.408050098864036370205354842255474068224430084228515625
172 -0.2309721512326725900710044925290276296436786651611328125 -0.21386476181869606971730490840855054557323455810546875 0.34671210239253225093847277094027958810329437255859375
173 -0.1882456408738520658996407064478262327611446380615234375 -0.252073256706185688802435151956160552799701690673828125 0.46756092323716791359089484103606082499027252197265625
174 -0.2020039920460923454914592412023921497166156768798828125 -0.150637585119086647722497218637727200984954833984375 0.428646429589821964523110864320187829434871673583984375
175 -0.2020305089104421636392316941055469214916229248046875 -0.349927106111882546546354433303349651396274566650390625 0.4285714285714286031492292750044725835323333740234375
176 -0.06734350297014739250567316730666789226233959197998046875 -0.1166423687039608581006433496440877206623554229736328125 0.8095238095238095343830764250014908611774444580078125
177 -0.177539404052092730790235464155557565391063690185546875 -0.1095184280669254661688682972453534603118896484375 0.497842733867790598889513375979731790721416473388671875
178 -0.12006468891128720122285500337966368533670902252197265625 0.0310180782494439734320312851423295796848833560943603515625 0.66040577715910497857976224622689187526702880859375
179 -0.219476937322172382938134660435025580227375030517578125 -0.1318132282815903943973268042100244201719760894775390625 0.37922547722175192763671702778083272278308868408203125
180 -0.1770074476113058514759046602193848229944705963134765625 -0.0491026543693743044993738067205413244664669036865234375 0.499347333894096134798701314139179885387420654296875
181 0.255905311286560077643770227950881235301494598388671875 -0.209956263667129550132273152485140599310398101806640625 0.123809523809523869264381801258423365652561187744140625
182 -0.1930296096456801391294533232212415896356105804443359375 0.0003738335838311166001331209418623302553896792232990264892578125 0.454029816198995128662119213913683779537677764892578125
183 -0.166272994071772151070121026350534521043300628662109375 -0.011397219498216891453434840286718099378049373626708984375 0.52970895345464175107963455957360565662384033203125
184 -0.17319217119791918690907550626434385776519775390625 0.040030204115017155308553498116452828980982303619384765625 0.51013856519012390489109520785859785974025726318359375
185 -0.1952972279807765609849212751214508898556232452392578125 0.0249913594804578309549469850026071071624755859375 0.44761602299143710137485641098464839160442352294921875
186 -0.200390159354440100525351908800075761973857879638671875 0.01424351297367227285606272602080935030244290828704833984375 0.433211037749696437071378340988303534686565399169921875
187 -0.1763180963323195127312459362656227312982082366943359375 0.0234704657387841027216257572263202746398746967315673828125 0.50129711375006047457958402446820400655269622802734375
188 -0.18451954188586217053824611866730265319347381591796875 0.021173517350069150089186820196118787862360477447509765625 0.478099922684291744889861774936434812843799591064453125
189 -0.1794090950437191855915131100118742324411869049072265625 0.00815791726291298889550684947380432276986539363861083984375 0.492554449152182105553521296315011568367481231689453125
190 -0.1816877879645170945632770553856971673667430877685546875 -0.01752160885344233864913121578865684568881988525390625 0.4861093322860299270615769273717887699604034423828125
191 -0.15303863020488328583468273791368119418621063232421875 0.0280608304111134472524913263669077423401176929473876953125 0.5671413871945107931793472744175232946872711181640625
192 -0.165937045622244927489674637399730272591114044189453125 0.024017836319774242548330533963962807320058345794677734375 0.5306591591618008418862473263288848102092742919921875
193 -0.187239879095120131946572428205399774014949798583984375 0.007119053822755288564450015798001913935877382755279541015625 0.4704056471331703459526352162356488406658172607421875
194 -0.1878588436949940321252228159210062585771083831787109375 -0.0078895876412594344306850047132684267126023769378662109375 0.468654950869629549625727804595953784883022308349609375
195 -0.1934633737235068318138786480631097219884395599365234375 0.012417379631607085299638271180810988880693912506103515625 0.4528029461155298474039909706334583461284637451171875
196 -0.1978524876866677717490716759130009450018405914306640625 0.007049877277511548863409007736890998785383999347686767578125 0.440388657128523208772463704008259810507297515869140625
197 -0.169515719290576682976023903393070213496685028076171875 0.055440059990977778869858383359314757399260997772216796875 0.52053714148767638025816495428443886339664459228515625
198 -0.1736611437661297052681419472719426266849040985107421875 -0.0224258785758670829701966198399532004259526729583740234375 0.50881211045743535148488945196731947362422943115234375
199 -0.199633823184425740482339506343123503029346466064453125 0.0214410700641287921275335293103125877678394317626953125 0.435350279488391944671121791543555445969104766845703125
200 -0.158138923309680323736614582230686210095882415771484375 0.055155005244956485654928002304586698301136493682861328125 0.55271557983274666181472412063158117234706878662109375
201 -0.1587266160773979362108576651735347695648670196533203125 0.0049073061756164347568809347421847633086144924163818359375 0.5510533336675174087559980762307532131671905517578125
202 -0.170382261995888739658511212837765924632549285888671875 0.007097424261746482741786135051142991869710385799407958984375 0.5180861885952208201189250758034177124500274658203125
203 -0.1756297248278787803688061330831260420382022857666015625 -0.00657176042839198969180980469673158950172364711761474609375 0.50324412238512283845892625322449021041393280029296875
204 -0.163964497925060903593674765943433158099651336669921875 0.04054078721636782123294295843152212910354137420654296875 0.53623836657337176081483676171046681702136993408203125
205 -0.1900336235468328693887229974279762245714664459228515625 0.0189415137396112091827671264354648883454501628875732421875 0.46250374454633724763397140122833661735057830810546875
206 -0.1823650661252458615724236778987688012421131134033203125 -0.0033411971674850971490700057842104797600768506526947021484375 0.48419370036522690892155651454231701791286468505859375
207 -0.145640797912891251097988742913003079593181610107421875 0.044802525179972067792544265785181778483092784881591796875 0.58806561671350376929723324792576022446155548095703125
208 -0.1788854130090308525158349084449582733213901519775390625 -0.0297222719451739093854403250816176296211779117584228515625 0.494035645623836228157443883901578374207019805908203125
209 -0.20137835666750769636479390101158060133457183837890625 0.008581367752624018130358507505661691538989543914794921875 0.430415993664814588992584276638808660209178924560546875
210 -0.1996178541824418228856075074872933328151702880859375 0.027923493182112089916468988803899264894425868988037109375 0.435395446646758166320267946503008715808391571044921875
211 -0.1672823601061117770871788934528012759983539581298828125 0.06982476863585469761819268796898541040718555450439453125 0.526854035184317393003539109486155211925506591796875
212 -0.197327414385963406662227725973934866487979888916015625 0.0160286398854755061937904514479669160209596157073974609375 0.4418737886947157189609924898832105100154876708984375
213 -0.189648095048898568393269670195877552032470703125 0.0290062584131667022813161338490317575633525848388671875 0.4635941838072572540596638646093197166919708251953125
214 -0.2197263622927813908614069760005804710090160369873046875 0.0116105295027845410726907715570632717572152614593505859375 0.378519996869294994557009204072528518736362457275390625
215 -0.2348151664850011144380914629437029361724853515625 0.025080390764856179408592851132198120467364788055419921875 0.3358424138120366109205860993824899196624755859375
216 -0.2249964059485411171923630035962560214102268218994140625 0.06389243804306722618324698714786791242659091949462890625 0.36361406244474714366532452913816086947917938232421875
217 -0.2144634906777306004865835120654082857072353363037109375 0.036564940848569794928923926136121735908091068267822265625 0.39340564569936142813588730859919451177120208740234375
218 -0.2091034675236191076042047143346280790865421295166015625 0.01379236464317980075111602644710728782229125499725341796875 0.408566080577717427591011301046819426119327545166015625
219 -0.221300156819430438037699104825151152908802032470703125 0.03819727432314967696669327779090963304042816162109375 0.3740686337413443585120376155828125774860382080078125
220 -0.2053683182948908003684351797346607781946659088134765625 0.02449063541172820379632213416698505170643329620361328125 0.419130677971228104983225648538791574537754058837890625
221 -0.2408524007928263543920621714278240688145160675048828125 0.06644143213474627829295826586530893109738826751708984375 0.31876653653733455495711268667946569621562957763671875
222 -0.217573778774770520971770793039468117058277130126953125 0.02444723360149973767629916210353258065879344940185546875 0.384608422479918832248557691855239681899547576904296875
223 -0.2237688252823166745741900740540586411952972412109375 0.0236213908854057998143449736971888341940939426422119140625 0.367086184898911038754221181079628877341747283935546875
224 -0.2258662021410103026841653672818210907280445098876953125 0.00854926661133997671526696393584643374197185039520263671875 0.36115390730096674776206100432318635284900665283203125
225 -0.211989981736356469799176238666404969990253448486328125 0.0236005393360053349061100647077182657085359096527099609375 0.400401785482445926600547636553528718650341033935546875
226 -0.21419385584000705247120777130476199090480804443359375 0.01308872671308324887873286712647313834168016910552978515625 0.39416828818815463630897966140764765441417694091796875
227 -0.2376643371481274857881516027191537432372570037841796875 0.0446997674040969794617694788030348718166351318359375 0.327783742225418617266541332355700433254241943359375
228 -0.2290628569414699666761947582926950417459011077880859375 0.037829851449830816101371766535521601326763629913330078125 0.352112402154896753092572225796175189316272735595703125
229 -0.2285134338440859280705552691870252601802349090576171875 0.077657472217949330417496867084992118179798126220703125 0.35366640534649873561789945597411133348941802978515625
230 -0.2057607470538624083733481029412359930574893951416015625 0.0173450374319380207221996670341468416154384613037109375 0.418020721824821972489871768630109727382659912109375
231 -0.2364524755781124143450000474331318400800228118896484375 0.08428410747737198616125198213921976275742053985595703125 0.33121140436148610586286622492480091750621795654296875
232 -0.208467328900221626764022175848367623984813690185546875 0.031553545704274321703763916957541368901729583740234375 0.410365352315233911095759822273976169526576995849609375
233 -0.23190492277238916596360240873764269053936004638671875 0.01039004940771752309724984542071979376487433910369873046875 0.344073826068410415501830357243306934833526611328125
234 -0.2317937285480174691709720491417101584374904632568359375 0.06086512695931746430577646833626204170286655426025390625 0.344388330828738042921344231217517517507076263427734375
235 -0.22955419876791005595606520728324539959430694580078125 0.0003441321565853749605591593851983134300098754465579986572265625 0.350722677605470989359304212484857998788356781005859375
236 -0.243841123474198451237526796830934472382068634033203125 0.0843410620073246075634187945979647338390350341796875 0.310313152236997236155247037459048442542552947998046875
237 -0.204673581910538138206590019763098098337650299072265625 0.030429389965676699458807519249603501521050930023193359375 0.4210956892052790667690942427725531160831451416015625
238 -0.2058058536007987548988040771291707642376422882080078125 0.01127067716900123466039485009559939499013125896453857421875 0.41789314124396337302158599413814954459667205810546875
239 -0.229083594724437455969479060513549484312534332275390625 0.02109418982383005902736528014429495669901371002197265625 0.352053746847044379819635651074349880218505859375
240 -0.208137968701790077030722159179276786744594573974609375 0.0221564245054251367228470570580611820332705974578857421875 0.41129692363428949075654372791177593171596527099609375
241 -0.2309794525087295602450154774487600661814212799072265625 0.09275286765594768778608880666070035658776760101318359375 0.3466914512652901070310917930328287184238433837890625
242 -0.2250141895829588511990237975624040700495243072509765625 0.051250819988159508622249660447778296656906604766845703125 0.36356376273078383487558085107593797147274017333984375
243 -0.2043789495038119685688116078381426632404327392578125 0.1619303391408328796075011268840171396732330322265625 0.42192903549628990589326349436305463314056396484375
244 -0.157134840263677244553974787777406163513660430908203125 0.2721655269759086781533596877125091850757598876953125 0.5555555555555555802271783250034786760807037353515625
245 -0.28716306353719123212187014360097236931324005126953125 0.301671555772119404092990180288325063884258270263671875 0.1877802018661976213298459015277330763638019561767578125
246 -0.1354366655672168129331822683525388129055500030517578125 0.10258556169298123361688368504474055953323841094970703125 0.61692726142450793336280412404448725283145904541015625
247 -0.256037423949136588863240149294142611324787139892578125 0.1416595281011032991802522928992402739822864532470703125 0.275816805152126753863939256916637532413005828857421875
248 -0.180315179243758227922711512292153201997280120849609375 0.1345390574531108163203185767997638322412967681884765625 0.489991656023486210624895420551183633506298065185546875
249 -0.2278263664662515675107812285205000080168247222900390625 0.1691643037375715474812665206627571024000644683837890625 0.355609725354491867932438253774307668209075927734375
250 -0.190102194718359041036848111616563983261585235595703125 0.192966301587034261277864288786076940596103668212890625 0.462309795984813864944129591094679199159145355224609375
251 -0.221564548460206067748146097073913551867008209228515625 0.226725188815957878762930022276123054325580596923828125 0.37332082125301424557761720279813744127750396728515625
252 -0.2505351177022181463627248376724310219287872314453125 0.2317752259395202962810600411103223450481891632080078125 0.2913796773895700464862557055312208831310272216796875
253 -0.23518782454227515898992351139895617961883544921875 0.1422274344660580946975159122303011827170848846435546875 0.334788377654585633802497568467515520751476287841796875
254 -0.204290471943012585942511805114918388426303863525390625 0.27347692285735003547841870386037044227123260498046875 0.422179287829184290981032745548873208463191986083984375
255 -0.132317258271990312312738069522310979664325714111328125 0.1585740853321437049405773223043070174753665924072265625 0.6257502776314567416449108350207097828388214111328125
256 -0.31426968052735448910794957555481232702732086181640625 0.544331053951817356306719375425018370151519775390625 0.111111111111111160454356650006957352161407470703125
257 -0.1610792217666312808876938333924044854938983917236328125 0.151408111587055527191836290512583218514919281005859375 0.54439915992225540453119947414961643517017364501953125
258 -0.159319235405729120458317993325181305408477783203125 0.11006547378916468893361724212809349410235881805419921875 0.5493771530846147665982925900607369840145111083984375
259 0.0270569458678876322010875554724407265894114971160888671875 0.277802091144048801663046788235078565776348114013671875 0.281262327416173629757167873322032392024993896484375
260 -0.26769600751922950632177844454417936503887176513671875 0.1942048867815839019446144675384857691824436187744140625 0.242841351146355688417344254048657603561878204345703125
261 -0.252254190427583069311623376052011735737323760986328125 0.331038039633437974895713296064059250056743621826171875 0.286517405463735108650524807671899907290935516357421875
262 -0.2429564386379741980359625586061156354844570159912109375 0.1280529063528690059126091682628612034022808074951171875 0.312815418824625102178771385297295637428760528564453125
263 -0.14776052055683297492549854723620228469371795654296875 0.08655210181555339499226420230115763843059539794921875 0.58207013569043952738724101436673663556575775146484375
264 -0.24670652980284746291772535187192261219024658203125 0.1678473808964510427532701442032703198492527008056640625 0.30220855925362577476533942899550311267375946044921875
265 -0.2357022603955158668309621816661092452704906463623046875 0.40824829046386301723003953156876377761363983154296875 0.33333333333333337034076748750521801412105560302734375
266 -0.16898479739273408739563819835893809795379638671875 0.2097181896678984303061810123836039565503597259521484375 0.52203881538465324307907167167286388576030731201171875
267 0.149975442216160603781105464804568327963352203369140625 0.32772594520471842738373879910795949399471282958984375 -0.01485864562787638128160683237410921719856560230255126953125
268 -0.250007812003432083880483105531311593949794769287109375 0.1153310847302806696479393622212228365242481231689453125 0.292871123131051291910154077413608320057392120361328125
269 -0.170869293009818401518629116253578104078769683837890625 0.1030953313399962933960551936252159066498279571533203125 0.5167086568648284750082666505477391183376312255859375
270 -0.2335682902891990375682240710375481285154819488525390625 0.121374124909871483612988640743424184620380401611328125 0.339369112265442141040949763919343240559101104736328125
271 -0.13651624408298068669154190502013079822063446044921875 0.07269340831521142742843721862300299108028411865234375 0.61387375226722873389206824867869727313518524169921875
272 -0.2017334348115439046633667885544127784669399261474609375 0.05330401982230097146508995820113341324031352996826171875 0.429411681010817669612578129090252332389354705810546875
273 -0.20613662892480555388630136803840287029743194580078125 0.054237963187861261415978475497468025423586368560791015625 0.4169575673453456143846551640308462083339691162109375
274 -0.19726391118841402061434564529918134212493896484375 0.05042861074520732511672349573927931487560272216796875 0.442053402861171951254704026723629795014858245849609375
275 -0.2039997503508027831831128651174367405474185943603515625 0.045615420003196634202158321613751468248665332794189453125 0.423001572666344027862095344971749000251293182373046875
276 -0.19959160193044656050886942466604523360729217529296875 0.0437197455206812524153292542905546724796295166015625 0.4354696992283868528517132290289737284183502197265625
277 -0.20189887545777562838367202857625670731067657470703125 0.038797901625821286375472851659651496447622776031494140625 0.428943744199480558876302893622778356075286865234375
278 -0.2182528148346489504927347979901242069900035858154296875 0.08675610023453282637628802831386565230786800384521484375 0.382687818469476415117469514370895922183990478515625
279 -0.1842027747631974354813877425840473733842372894287109375 0.072483640219162925877327552370843477547168731689453125 0.478995875406263704743281550690880976617336273193359375
280 -0.20230595389800043459871403683791868388652801513671875 0.095664975012961839251346418677712790668010711669921875 0.427792352497248173914812241491745226085186004638671875
281 -0.189559632094157659576438845761003904044628143310546875 0.09129926265943368035582494712798506952822208404541015625 0.463844394827980399664824062710977159440517425537109375
282 -0.2148525086436286757329838792429654859006404876708984375 0.10297744571835888705013672961285919882357120513916015625 0.392305336732600318239150283261551521718502044677734375
283 -0.193674287121290256141747931906138546764850616455078125 0.07270596321225193670034769866106216795742511749267578125 0.45220639294026587773345227105892263352870941162109375
284 -0.209760041494843674225734275751165114343166351318359375 0.0797052555907924176192835830079275183379650115966796875 0.406709008948103079017499794645118527114391326904296875
285 -0.2018297997977857305418325495338649488985538482666015625 0.07477971465857312372005338829694665037095546722412109375 0.42913911966985496260207355589955113828182220458984375
286 -0.222384646381876438514524352285661734640598297119140625 0.10209378656768521020925533093759440816938877105712890625 0.37100123404641605073805976644507609307765960693359375
287 -0.2156611520064299070131852431586594320833683013916015625 0.071609820358368825310435568098910152912139892578125 0.39001814791100797297218605308444239199161529541015625
288 -0.1807174164804999649813765927319764159619808197021484375 0.0846331527845335107596014267983264289796352386474609375 0.4888539573125039172651895569288171827793121337890625
289 -0.1867489496785491864816464158138842321932315826416015625 0.059173867925088101393793493798511917702853679656982421875 0.4717942052113348605502096688724122941493988037109375
