0 -0.7950094700463570251969258606550283730030059814453125 0.56025470870967486458624762235558591783046722412109375 -0.2325394674141315898285853336346917785704135894775390625
1 0.94280904158206346732384872666443698108196258544921875 0 -0.333333333333333314829616256247390992939472198486328125
2 -0.260840624976065360574040141727891750633716583251953125 0.9629247699585878894623647283879108726978302001953125 0.06883353661040660098624499596553505398333072662353515625
3 -0.77100193928774773954870624947943724691867828369140625 0.570939643272818653230160634848289191722869873046875 0.282106244798016991826017374478396959602832794189453125
4 0.2490291225458761414923714028191170655190944671630859375 0 0.96849599695818622269172237793100066483020782470703125
5 -0.2943005838693533160466131448629312217235565185546875 0.80676059547471179467237334392848424613475799560546875 0.5123714550240345833032051814370788633823394775390625
6 -0.83806553990666987630220319260843098163604736328125 0.38616926971683096514453836789471097290515899658203125 -0.38538220761642805189950422573019750416278839111328125
7 -0.81649658092772592343777660062187351286411285400390625 0 -0.57735026918962562003656557862996123731136322021484375
8 -0.57887986439317418163597039892920292913913726806640625 -0.173363610785977229067356120140175335109233856201171875 -0.7967704569418903037814061462995596230030059814453125
9 0.3395794693225091531729731286759488284587860107421875 -0.29875245413275564043686927107046358287334442138671875 -0.891870369035937304857952767633832991123199462890625
10 0.738548945875996398768847939209081232547760009765625 0.426401432711220940152685443536029197275638580322265625 -0.5222329678670936115025824619806371629238128662109375
11 0.40824829046386301723003953156876377761363983154296875 0.70710678118654757273731092936941422522068023681640625 -0.577350269189625731058868041145615279674530029296875
12 0.046549875612779061107016076448417152278125286102294921875 0.955356738866971699764008008060045540332794189453125 -0.29176464930128076513682344739208929240703582763671875
13 -0.1739759026555172949368710533235571347177028656005859375 0.98293692181318703671166758795152418315410614013671875 -0.05972765717500259918804061953778727911412715911865234375
14 -0.304889232476847127362162837016512639820575714111328125 0.95079903080705474582856595588964410126209259033203125 -0.054988716442960917929472230980536551214754581451416015625
15 -0.385863078982813745287927531535387970507144927978515625 0.90132241312269467670148515026085078716278076171875 -0.1967932719393258034212834672871395014226436614990234375
16 -0.471404520791031733661924363332218490540981292724609375 0.8164965809277260344600790631375275552272796630859375 -0.333333333333333314829616256247390992939472198486328125
17 -0.68950561135455645800362844966002739965915679931640625 0.65928729963682652925882621275377459824085235595703125 -0.299870419428393375493868688863585703074932098388671875
18 -0.81396370734052048145912294785375706851482391357421875 0.5750746878749044554979263921268284320831298828125 -0.08217168915177917865033663247231743298470973968505859375
19 -0.807320004423322412634433931089006364345550537109375 0.58047752541517005919757821175153367221355438232421875 0.10620853518341789867296398597318329848349094390869140625
20 0.94280904158206346732384872666443698108196258544921875 0 0.333333333333333203807313793731736950576305389404296875
21 0.6285393610547089782158991511096246540546417236328125 0 0.77777777777777767909128669998608529567718505859375
22 -0.75962572345708589960366907689603976905345916748046875 0.45950382980034076840780699058086611330509185791015625 0.460244490093166092048448945206473581492900848388671875
23 -0.64314253164342483071180822662427090108394622802734375 0.2011738330645705119525956661163945682346820831298828125 0.73884827460135171772748208240955136716365814208984375
24 -0.27943489011773092745016811022651381790637969970703125 -0.0229997773472076540157704727107557118870317935943603515625 0.9598891354874636849814351080567575991153717041015625
25 0 0 1
26 -0.27605869998268472986779897837550379335880279541015625 0.93637071961603701719667469660635106265544891357421875 0.2167982232621269711447808958837413229048252105712890625
27 -0.288166059375393135422172008475172333419322967529296875 0.88002137154470272406570074963383376598358154296875 0.377521797845684570216207021076115779578685760498046875
28 0.138699376921930905837143654935061931610107421875 0.128454087254869342427099354608799330890178680419921875 0.98196844669723792886628643827862106263637542724609375
29 0.0265113647443001067272039250610760063864290714263916015625 0.33174073199004061596184556037769652903079986572265625 0.94299800332668082258891217861673794686794281005859375
30 -0.130892423234233057360853536010836251080036163330078125 0.55508439153723754255764788467786274850368499755859375 0.821430758988002107656711814342997968196868896484375
31 -0.2481674493635313838435507705071358941495418548583984375 0.7132320397196576511333887538057751953601837158203125 0.65552496107603375197214745639939792454242706298828125
32 -0.33803276802814419266240975048276595771312713623046875 0.7413675066255478451893168312381021678447723388671875 0.57974827973789555546346718983841128647327423095703125
33 -0.408248290463862961718888300310936756432056427001953125 0.70710678118654735069270600433810614049434661865234375 0.577350269189625731058868041145615279674530029296875
34 -0.5282792236251514506051307762390933930873870849609375 0.68116162244819544735463523466023616492748260498046875 0.50689240080094821738754262696602381765842437744140625
35 -0.67078474466082049776360918258433230221271514892578125 0.6222543735454093560832689036033116281032562255859375 0.403543456066292993700272973001119680702686309814453125
36 -0.465046792262006736251578331575728952884674072265625 0.56204930452831891596332525296020321547985076904296875 -0.68398249998523430459584915297455154359340667724609375
37 -0.2072262605702941129504068840105901472270488739013671875 0.93587636039263377707442259634262882173061370849609375 -0.2849433539991588215656292959465645253658294677734375
38 0.150850893379900707902407930305344052612781524658203125 0.542946479634291545579571902635507285594940185546875 -0.826107213513606719601511940709315240383148193359375
39 -0.73854894587599650979115040172473527491092681884765625 0.42640143271122088464153421227820217609405517578125 -0.52223296786709350048027999946498312056064605712890625
40 -8.696925977165651591511377543400903600529533335299070540003185669775120913982391357421875e-17 0.8528028654224417692830684245564043521881103515625 -0.52223296786709350048027999946498312056064605712890625
41 -0.297044262893002397607489228903432376682758331298828125 0.85749292571254420725068712272332049906253814697265625 -0.42008402520840293359327688449411652982234954833984375
42 -0.471404520791031733661924363332218490540981292724609375 -0.8164965809277260344600790631375275552272796630859375 -0.333333333333333314829616256247390992939472198486328125
43 -0.9078539591031324906822419507079757750034332275390625 0.4192021736440760815156636454048566520214080810546875 -0.0084099080167251809292405795304148341529071331024169921875
44 -0.73854894587599650979115040172473527491092681884765625 -0.42640143271122088464153421227820217609405517578125 -0.52223296786709350048027999946498312056064605712890625
45 -0.594088525786004684192675995291210711002349853515625 -0.68599434057003538800501019068178720772266387939453125 -0.42008402520840293359327688449411652982234954833984375
46 -0.9602718027568872827259838231839239597320556640625 0.07886575446319608884149232608251622878015041351318359375 -0.2676906005129591203939298793557099997997283935546875
47 -0.934605071916667196063599476474337279796600341796875 0.24235605009700511569548098123050294816493988037109375 0.26033997873745684525914612095220945775508880615234375
48 -0.24618298195866550326371680057491175830364227294921875 -0.42640143271122088464153421227820217609405517578125 0.87038827977848931549686994912917725741863250732421875
49 -0.88835557516853891346642058124416507780551910400390625 -0.362307149854292409596467905430472455918788909912109375 0.2820601021616380155165870746714062988758087158203125
50 -0.8813068916048674150687247674795798957347869873046875 0.423496035915636725999178224810748361051082611083984375 -0.2096408127572203239363801685612997971475124359130859375
51 -8.696925977165651591511377543400903600529533335299070540003185669775120913982391357421875e-17 -0.8528028654224417692830684245564043521881103515625 -0.52223296786709350048027999946498312056064605712890625
52 -0.8525638200286709267317064586677588522434234619140625 0.473054792050840944295231338401208631694316864013671875 0.2221578188942616438605881512557971291244029998779296875
53 -0.0236615982050491953370130460143627715297043323516845703125 -0.40983090279425782309630221789120696485042572021484375 0.91185457167534489375526618459844030439853668212890625
54 -0.205365824109706718303414163528941571712493896484375 0.92084242250715286903783862726413644850254058837890625 0.331472640196592005512599143912666477262973785400390625
55 0.80184343177150874115710621481412090361118316650390625 0.2209076314125547335631694068069919012486934661865234375 0.55519990031391819318429270424530841410160064697265625
56 0.311036453050427541544564746800460852682590484619140625 0.9462528914224481724204451893456280231475830078125 -0.08866673755397606881967220715523581020534038543701171875
57 0.75307916613807746042397184282890520989894866943359375 0.65691608136556933761340815181029029190540313720703125 0.0365107048970980951896336819118005223572254180908203125
58 -0.041575920834854673824310111740487627685070037841796875 0.98496649398616809012452222305000759661197662353515625 0.1676676728869634647178799014000105671584606170654296875
59 -0.133883927297750060514403003253391943871974945068359375 0.82328479737787463310638713664957322180271148681640625 0.551613303336497384776748731383122503757476806640625
60 0.404352803817582373557826258547720499336719512939453125 0.371094764291865109040458037270582281053066253662109375 0.83593509673899013545650404921616427600383758544921875
61 0.1744827652985876109692497948344680480659008026123046875 0.7667075794938582600224208363215439021587371826171875 0.6178310870783592090305091915070079267024993896484375
62 -0.1992232652543959037227949693260597996413707733154296875 0.96957867998405300458131250707083381712436676025390625 0.1422226209214201564368096342150238342583179473876953125
63 -0.2397245706382442609339022965286858379840850830078125 0.83600842165122724036763202093425206840038299560546875 0.49358084359153675535480942926369607448577880859375
64 0.431754861274234735812882490790798328816890716552734375 0.1249942482814060673579348303974256850779056549072265625 0.893288406766052478502615485922433435916900634765625
65 0.97080586130671431277505689649842679500579833984375 0.2275863189789308071997453453150228597223758697509765625 -0.0757657380756590337345102170729660429060459136962890625
66 -0.72180112834713516800633215098059736192226409912109375 0.69130858977258624609163462082506157457828521728515625 0.033099317567594842282030498381573124788701534271240234375
67 -0.345770385478079089747183161307475529611110687255859375 0.89936505987800885453253840751131065189838409423828125 0.26755434886573237207585407304577529430389404296875
68 -0.50000000000000011102230246251565404236316680908203125 0.8660254037844385965883020617184229195117950439453125 0
69 -0.407206271984920153972353773497161455452442169189453125 0.90790914560108781916625275698606856167316436767578125 0.099418486158490193549397417882573790848255157470703125
70 -0.603528851113880993040083922096528112888336181640625 0.79436283806678742447360264122835360467433929443359375 -0.0688520687535084385810790763571276329457759857177734375
71 -0.63022298311517099822509635487222112715244293212890625 0.7443441243905244419920563814230263233184814453125 0.220841155672393096853767247012001462280750274658203125
72 -0.3981471617557359454764309703023172914981842041015625 0.837320208599781068414813489653170108795166015625 0.37466479132188423850635672351927496492862701416015625
73 -0.48112522432468807220828921344946138560771942138671875 0.8333333333333332593184650249895639717578887939453125 0.27216552697590878917566215022816322743892669677734375
74 -0.7267643133533685517733147207763977348804473876953125 0.67285903172903316349362512482912279665470123291015625 -0.138109942642354932562653857530676759779453277587890625
75 -0.72575480505795975094684990835958160459995269775390625 0.65566977407364379626386607924359850585460662841796875 0.208271722280054027987006293187732808291912078857421875
76 -0.33760494048188205429283925695926882326602935791015625 0.83922114802612945982929204546962864696979522705078125 0.42629891961853527693193655068171210587024688720703125
77 -0.32471991701022651088948123287991620600223541259765625 0.93860620617990397906993393917218782007694244384765625 0.11651336926481394018484394337065168656408786773681640625
78 -0.30890294012831842618282962575904093682765960693359375 0.254641886063360411984746178859495557844638824462890625 0.9163713676464226853823902274598367512226104736328125
79 -0.288675134594812921040585251830634661018848419189453125 0.5 0.81649658092772614548238152565318159759044647216796875
80 -0.0700140042014004981840713526253239251673221588134765625 0.121267812518166484547776917679584585130214691162109375 0.99014754297667428861728922129259444773197174072265625
81 -0.55023054271626492539581931850989349186420440673828125 0.477046752167031573588218407167005352675914764404296875 0.6853267440491805917446299645234830677509307861328125
82 -0.1666666666666666574148081281236954964697360992431640625 0.2886751345948128655294340205728076398372650146484375 0.9428090415820633563015462641487829387187957763671875
83 -0.37089259857458067859425909773563034832477569580078125 0.49377429315301746282074191185529343783855438232421875 0.78652757595893152409161075411248020827770233154296875
