0 0.174626081512477437929220513979089446365833282470703125 -0.07259133093350307597280135496475850231945514678955078125 0.57522970664439332377781965988106094300746917724609375
1 0.1746258015201686275563730532667250372469425201416015625 -0.07259130558216102258040081096623907797038555145263671875 0.57523016471116605874414062782307155430316925048828125
2 0.174626026087407126841100080127944238483905792236328125 -0.07259132024007262928844141924855648539960384368896484375 0.57522981122072758264351932666613720357418060302734375
3 0.1746259202537915056208106534541002474725246429443359375 -0.072591308097119722209100700638373382389545440673828125 0.57522999063610058545492620396544225513935089111328125
4 0.1746260702161208377969359162307227961719036102294921875 -0.07259131902711858652654797197101288475096225738525390625 0.57522975178442070642859107465483248233795166015625
5 0.1746258616607991587255099830144899897277355194091796875 -0.0725912952207408979088398837120621465146541595458984375 0.57523010503966298667677392586483620107173919677734375
6 0.1746282376922725365631094973650760948657989501953125 -0.07259169092096877384800990284929866902530193328857421875 0.5752257755600791444550168307614512741565704345703125
7 0.1746203323523030370711950354234431870281696319580078125 -0.072591023977539859135532651635003276169300079345703125 0.5752385890701674497904605232179164886474609375
8 0.1746266226772213159268432036697049625217914581298828125 -0.072591327061318100533071628888137638568878173828125 0.57522895080675040535567177357734180986881256103515625
9 0.174624638664136855314978902242728509008884429931640625 -0.0725910337090542867599651799537241458892822265625 0.57523247518832365532404082841821946203708648681640625
10 0.1746448771608231087526519331731833517551422119140625 -0.07259235886427832518119629412467475049197673797607421875 0.57520060767769842779983946456923149526119232177734375
11 0.1746079827947804308241330772943911142647266387939453125 -0.07258548084142514567052018037429661490023136138916015625 0.57526963183696044890069742905325256288051605224609375
12 0.174743435341196351462400571108446456491947174072265625 -0.0726099943228012134621707218684605322778224945068359375 0.5750180274875702490788853538106195628643035888671875
13 0.1745154851640834114956390976658440195024013519287109375 -0.0725850088373843627120862720403238199651241302490234375 0.57540159940983581776663413620553910732269287109375
14 0.1746596002821208248878548374705133028328418731689453125 -0.0725848693412628198640135224195546470582485198974609375 0.5751981315496832447564656831673346459865570068359375
15 0.174609204996976241641704064022633247077465057373046875 -0.0725716864589236176907860453866305761039257049560546875 0.5753016925804843584302261660923250019550323486328125
16 0.1746925011168281027806870042695663869380950927734375 -0.0725648262188857973153943703437107615172863006591796875 0.5752006981657025175280750772799365222454071044921875
17 0.1745704556270685492425087659285054542124271392822265625 -0.07253824705566004615864272864200756885111331939697265625 0.5754384019402400962661658923025242984294891357421875
18 0.1748798093367784634022399359309929423034191131591796875 -0.07251933391578128940135883340190048329532146453857421875 0.57504723727053452808632982851122505962848663330078125
19 0.1741552775206765824034249590113176964223384857177734375 -0.0724503798473251359180125064085586927831172943115234375 0.5762407822746433705418667159392498433589935302734375
20 0.177394769792923068241208284234744496643543243408203125 -0.073695187059373612470380976446904242038726806640625 0.56861030587037386663240567941102199256420135498046875
21 0.1738031937476734734016048378180130384862422943115234375 -0.0730067081205992562953355218269280157983303070068359375 0.57537598352251018152259121052338741719722747802734375
22 0.1749956751614401839756141043835668824613094329833984375 -0.0721485732714791383468622143482207320630550384521484375 0.57579155264512771328355711375479586422443389892578125
23 0.1732673314518761997771179039773414842784404754638671875 -0.0721125223035283535732986592847737483680248260498046875 0.57832410623584851183665023199864663183689117431640625
24 0.1777060641317657341264890646925778128206729888916015625 -0.07214692580599511850802940671201213262975215911865234375 0.57196251925379149039230242124176584184169769287109375
25 0.171698097146810446655962323347921483218669891357421875 -0.07106434948636818071943110908250673674046993255615234375 0.58311082723691154416911786029231734573841094970703125
26 0.1896180166136529343656746959823067300021648406982421875 -0.079674664939819173081758663101936690509319305419921875 0.53667735470491317872898662244551815092563629150390625
27 0.1586550582913678064667095668482943437993526458740234375 -0.0750967103581772210674216694314964115619659423828125 0.5916792430861403939701403942308388650417327880859375
28 0.168456042334554079165087614455842413008213043212890625 -0.06920430774374153326533587460289709270000457763671875 0.59225193829207345430631903582252562046051025390625
29 0.1800100753288657873252276431230711750686168670654296875 -0.07056397586554520595658601678223931230604648590087890625 0.572581575013464405543572866008616983890533447265625
30 0.164996328765344923983349190166336484253406524658203125 -0.0659104743847098994979916142256115563213825225830078125 0.60521292317096009316657045928877778351306915283203125
31 0.1851676828650855310964828959185979329049587249755859375 -0.06749912525322838974251027366335620172321796417236328125 0.57279493662437708234591582368011586368083953857421875
32 -0.3695131372990123619359792428440414369106292724609375 0.597483554007029571408793344744481146335601806640625 -0.045140980486589786513373923071412718854844570159912109375
33 -0.37145607779717426666366009158082306385040283203125 0.59892066843123448194319280446507036685943603515625 -0.05063644609335886392909031883391435258090496063232421875
34 0.2025040800153024012075775317498482763767242431640625 -0.0660834151897780330831011497139115817844867706298828125 0.55174533593103058937145988238626159727573394775390625
35 0.17068101743915720103217381620197556912899017333984375 -0.0608731080021958359527189941218239255249500274658203125 0.6095125366351947793219778759521432220935821533203125
36 -0.3668586174507832975422161325695924460887908935546875 0.59388965785286640386431145088863559067249298095703125 -0.037632864544681600416087263738518231548368930816650390625
37 -0.37288813690574851289483149230363778769969940185546875 0.5969570124947605194165589637123048305511474609375 -0.0546869209202900663502333600263227708637714385986328125
38 0.1955043623889437809371116827605874277651309967041015625 -0.0585584613029150047314175253632129170000553131103515625 0.58007672889179595632214159195427782833576202392578125
39 0.1473701640730550044278146515353000722825527191162109375 -0.049143273677338152050086961253327899612486362457275390625 0.6712111704793117805678548393188975751399993896484375
40 -0.357962075016712677477670467851567082107067108154296875 0.57968636677807483525981524508097209036350250244140625 -0.0124696426077006393418056262589743710123002529144287109375
41 -0.373634632407045141899715190447750501334667205810546875 0.58722926955856091790764139659586362540721893310546875 -0.0567983290446583410915337708502192981541156768798828125
42 0.2034461258106365078024424519753665663301944732666015625 -0.04727078107862510425452029494408634491264820098876953125 0.5964944362808941580311739016906358301639556884765625
43 0.1134180515434859704004821878697839565575122833251953125 -0.0323426569802680308196585201585548929870128631591796875 0.76037964676175040512617897547897882759571075439453125
44 0.2082950782029511505033525509134051389992237091064453125 -0.1056814144314948966663081364458776079118251800537109375 0.446560734777057655175980244166566990315914154052734375
45 0.11699010061097203649893572219298221170902252197265625 -0.0930413180762520164446272019631578586995601654052734375 0.60664725876976444141064348514191806316375732421875
46 0.225001267465008869539389024794218130409717559814453125 -0.0373539851757685725797131226499914191663265228271484375 0.59030195245972871820328009562217630445957183837890625
47 0.1436460271048436154739391668044845573604106903076171875 -0.02752849365055760888498781469024834223091602325439453125 0.7294230774560046537402513422421179711818695068359375
48 -0.333958938523573112266973339501419104635715484619140625 0.54458031479471824543026059473049826920032501220703125 0.055421479728480181614624910935162915848195552825927734375
49 -0.363552893635322060816861267085187137126922607421875 0.55801059090397131523531015773187391459941864013671875 -0.0282828656381114117157604681551674730144441127777099609375
50 0.255886910211927165459400157487834803760051727294921875 -0.034748737934643399161149801557257887907326221466064453125 0.55300458399897678418710711412131786346435546875
51 0.1763646907050866186050797068674000911414623260498046875 -0.0206750450181263124849184720233097323216497898101806640625 0.699939351777649765296018813387490808963775634765625
52 -0.311982753840989779359205158471013419330120086669921875 0.50170331386433275611125282011926174163818359375 0.11757951658313083032059154220405616797506809234619140625
53 -0.35171370618910280381186339582200162112712860107421875 0.52138770095127140447033298187307082116603851318359375 0.005203413269729735557422856118137133307754993438720703125
54 0.27651909918506289987050195122719742357730865478515625 -0.0244190533477882942836600932423607446253299713134765625 0.549128718973410645531885165837593376636505126953125
55 0.157134840263677244553974787777406163513660430908203125 0 0.77777777777777779011358916250173933804035186767578125
56 -0.31380975942631172959096375052467919886112213134765625 0.46715176487050491527242002121056430041790008544921875 0.11241196442854357873120108024522778578102588653564453125
57 -0.2357022603955158668309621816661092452704906463623046875 0.40824829046386301723003953156876377761363983154296875 0.33333333333333337034076748750521801412105560302734375
58 0.31426968052735448910794957555481232702732086181640625 0 0.5555555555555555802271783250034786760807037353515625
59 0.0687464926153587840840231137917726300656795501708984375 0.08505172717997146192292490241015912033617496490478515625 0.6944444444444444197728216749965213239192962646484375
60 -0.1964185503295965418146806769073009490966796875 0.340206908719885792180548378382809460163116455078125 0.44444444444444453079512413751217536628246307373046875
61 -0.01093111932269057347266727475698644411750137805938720703125 0.286365467513782168129665706146624870598316192626953125 0.314009661835748854485927950008772313594818115234375
62 0.471404520791031733661924363332218490540981292724609375 0 0.33333333333333337034076748750521801412105560302734375
63 -0.11785113019775793341548109083305462263524532318115234375 0.204124145231931508615019765784381888806819915771484375 0.6666666666666667406815349750104360282421112060546875
64 -0.157134840263677244553974787777406163513660430908203125 0.2721655269759086781533596877125091850757598876953125 0.5555555555555555802271783250034786760807037353515625
65 0.344183859745253339923465318861417472362518310546875 0.138533943699849171338200903846882283687591552734375 0.1739130434782608924937363781282329000532627105712890625
66 -0.383732988850807810177201417900505475699901580810546875 0.62236192861975692114384628439438529312610626220703125 -0.08536079432555231105705928484894684515893459320068359375
67 -0.389960337991347383290730022054049186408519744873046875 0.62658561937571810585012599403853528201580047607421875 -0.10297439754991917493232023161908728070557117462158203125
68 -0.38753867418494325480793349925079382956027984619140625 0.62890397078371151895481716564972884953022003173828125 -0.0961248979528697145013893532450310885906219482421875
69 -0.394126211111398727648946760382386855781078338623046875 0.63478374364381695560410889811464585363864898681640625 -0.1147572660809234312839777203407720662653446197509765625
70 -0.393571868333839558484754661549231968820095062255859375 0.64262658462014587978927693256991915404796600341796875 -0.11318934793246808456768093265054631046950817108154296875
71 -0.408126874479393164651952474741847254335880279541015625 0.65144370471599166716458739756490103900432586669921875 -0.1543571221153994532659936567142722196877002716064453125
72 -0.404593702978748803733566319351666606962680816650390625 0.67844888519002299887006302014924585819244384765625 -0.1443638040065964023295208562558400444686412811279296875
73 -0.430244796423809583441055792718543671071529388427734375 0.67805966319868182790031596596236340701580047607421875 -0.216916052486005594968077048179111443459987640380859375
74 -0.438532289464120872413133156442199833691120147705078125 0.71057318062474206232792539594811387360095977783203125 -0.2403566225973672032534267373193870298564434051513671875
75 0.22276339403109890469067977392114698886871337890625 -0.1557821817888716819933137003317824564874172210693359375 0.3033781305607325951001485009328462183475494384765625
76 0.058487320003037281124225188477794290520250797271728515625 -0.131531323221405982426546188435168005526065826416015625 0.59510181173931664400100771672441624104976654052734375
77 0.7165348716023680619713331907405517995357513427734375 -0.13063945294843615219093635460012592375278472900390625 -0.333333333333333314829616256247390992939472198486328125
78 -0.471404520791031733661924363332218490540981292724609375 0.3810317377662719717790196227724663913249969482421875 -0.333333333333333314829616256247390992939472198486328125
79 0.6599663291074444604333848474198020994663238525390625 -0.163299316185545162483094827621243894100189208984375 -0.333333333333333314829616256247390992939472198486328125
80 -0.471404520791031733661924363332218490540981292724609375 0.32659863237109032496618965524248778820037841796875 -0.333333333333333314829616256247390992939472198486328125
81 0.603397786612520636850831579067744314670562744140625 -0.195959179422654283797555763158015906810760498046875 -0.333333333333333314829616256247390992939472198486328125
82 -0.471404520791031733661924363332218490540981292724609375 0.2721655269759086781533596877125091850757598876953125 -0.333333333333333314829616256247390992939472198486328125
83 0.546829244117596591223673385684378445148468017578125 -0.22861904265976329408971423617913387715816497802734375 -0.333333333333333314829616256247390992939472198486328125
84 -0.471404520791031733661924363332218490540981292724609375 0.2177324215807268092959247951512224972248077392578125 -0.333333333333333314829616256247390992939472198486328125
85 0.490260701622673045196876273621455766260623931884765625 -0.2612789058968723043818727092002518475055694580078125 -0.333333333333333314829616256247390992939472198486328125
86 -0.471404520791031733661924363332218490540981292724609375 0.163299316185545162483094827621243894100189208984375 -0.333333333333333314829616256247390992939472198486328125
87 0.06331609272981732206009297669879742898046970367431640625 -0.31326071043257697201767086880863644182682037353515625 0.1431286259234507973747696496502612717449665069580078125
88 0.263986531642977750866663200213224627077579498291015625 -0.39191835884530845657280906380037777125835418701171875 -0.333333333333333314829616256247390992939472198486328125
89 -0.471404520791031733661924363332218490540981292724609375 -0.05443310539518175783513243004563264548778533935546875 -0.333333333333333314829616256247390992939472198486328125
90 -0.0027962080259617432854979401923856130451895296573638916015625 -0.396803465737465221874202825347310863435268402099609375 0.0319884160887944080098321819605189375579357147216796875
91 -0.128381471883826370206094225068227387964725494384765625 -0.39059718994705061589911565533839166164398193359375 0.224795008360294257254707872561994008719921112060546875
92 -0.11570248283577826142742850379363517276942729949951171875 -0.495522971370903897447846020440920256078243255615234375 -0.050150415259873515338995275669731199741363525390625
93 -0.26398653164297780637781443147105164825916290283203125 -0.457238085319526643690579703616094775497913360595703125 0.25333333333333329928649391149519942700862884521484375
94 0.037712361663282456536450126804993487894535064697265625 -0.522557811793744608763745418400503695011138916015625 -0.333333333333333314829616256247390992939472198486328125
95 -0.471404520791031733661924363332218490540981292724609375 -0.2721655269759086781533596877125091850757598876953125 -0.333333333333333314829616256247390992939472198486328125
96 -0.471404520791031733661924363332218490540981292724609375 -0.381031737766272138312473316545947454869747161865234375 -0.333333333333333314829616256247390992939472198486328125
97 -0.3016988933062603184254157895338721573352813720703125 -0.52255781179374471978604788091615773737430572509765625 0.1466666666666667229179665810079313814640045166015625
98 -0.37970693128022581230851528744096867740154266357421875 -0.46947650608030266905501548535539768636226654052734375 -0.07397338388712811074743314065926824696362018585205078125
99 -0.33941125496954283047301714759669266641139984130859375 -0.58787753826796274037036482695839367806911468505859375 0.04000000000000003552713678800500929355621337890625
100 -0.414327379744154844498638112781918607652187347412109375 -0.539986760406123256217369998921640217304229736328125 -0.171894799393382646801597957164631225168704986572265625
101 -0.1885618083164126712603092528297565877437591552734375 -0.6531972647421808719769842355162836611270904541015625 -0.333333333333333314829616256247390992939472198486328125
102 -0.471404520791031733661924363332218490540981292724609375 -0.544331053951817356306719375425018370151519775390625 -0.333333333333333314829616256247390992939472198486328125
103 -0.3016988933062603184254157895338721573352813720703125 -0.7185169912163988925613011815585196018218994140625 -0.333333333333333314829616256247390992939472198486328125
104 -0.471404520791031733661924363332218490540981292724609375 -0.6531972647421808719769842355162836611270904541015625 -0.333333333333333314829616256247390992939472198486328125
105 -0.43739396503610361577329967985861003398895263671875 -0.7376036146360311906988727059797383844852447509765625 -0.23713695490840180912783807798405177891254425048828125
106 -0.4491133834309588568345361636602319777011871337890625 -0.71733726831051558558982605973142199218273162841796875 -0.2702844757826603494521577886189334094524383544921875
107 -0.446220368467554084901394162443466484546661376953125 -0.73780812346247992561387718524201773107051849365234375 -0.262101793787869130625267644063569605350494384765625
108 -0.451054312447262351071231023524887859821319580078125 -0.726195981790945577216689343913458287715911865234375 -0.27577425205957994958083645542501471936702728271484375
109 -0.453471976116139818824279927866882644593715667724609375 -0.7587887995911593019826568706776015460491180419921875 -0.282612437559145834864438029399025253951549530029296875
110 -0.455215363980562004453389590707956813275814056396484375 -0.73184564534838736360455868634744547307491302490234375 -0.287543483083831208357850073298322968184947967529296875
111 -0.471404520791031733661924363332218490540981292724609375 -0.8164965809277260344600790631375275552272796630859375 -0.333333333333333314829616256247390992939472198486328125
112 -0.46233072397280083887238788520335219800472259521484375 -0.72781631692457449123168089499813504517078399658203125 -0.307668760288213383180533355698571540415287017822265625
113 -0.462257784866311471905220287226256914436817169189453125 -0.76131232629171352588315357934334315359592437744140625 -0.307462457340963946084144708947860635817050933837890625
114 -0.4621176376653350903467298849136568605899810791015625 -0.74286429306571777342327322912751697003841400146484375 -0.30706606119626511652853650957695208489894866943359375
115 -0.464634700641128717268912851068307645618915557861328125 -0.7746652955857857847377090365625917911529541015625 -0.31418539039169413040752942833933047950267791748046875
116 0.377123616632825287009467274401686154305934906005859375 -0.32659863237109043598849211775814183056354522705078125 -0.333333333333333314829616256247390992939472198486328125
117 0.150849446653130103701556663509109057486057281494140625 -0.4572380853195265881794284723582677543163299560546875 -0.333333333333333314829616256247390992939472198486328125
118 -0.471404520791031733661924363332218490540981292724609375 -0.435464843161453896147605746591580100357532501220703125 -0.333333333333333314829616256247390992939472198486328125
119 0.2338272296806938321811486503065680153667926788330078125 -0.327679740652275064416443228765274398028850555419921875 -0.1333298031121659954489899746477021835744380950927734375
120 -0.471404520791031733661924363332218490540981292724609375 0.10886621079036340464796239757561124861240386962890625 -0.333333333333333314829616256247390992939472198486328125
121 0.1460643960502572558102230004806187935173511505126953125 -0.35083415499102754697702266639680601656436920166015625 -0.0659309139426348111978626320706098340451717376708984375
122 -0.1670552283197459242369831144969793967902660369873046875 -0.42462573976825057631145909908809699118137359619140625 0.196135375471069739461427161586470901966094970703125
123 -0.071382604237685109982436415521078743040561676025390625 -0.46056643832611443567515152608393691480159759521484375 -0.02720251951955295066643003565332037396728992462158203125
124 0.423740697478482530868859612382948398590087890625 -0.12644185000675711716411342422361485660076141357421875 0.09102214404641482958790987822794704698026180267333984375
125 0.03924125892711326224482348834499134682118892669677734375 -0.358078335808750924940113691263832151889801025390625 0.0673952687442762599090428921044804155826568603515625
126 -0.1885618083164126990158848684586700983345508575439453125 -0.32659863237109043598849211775814183056354522705078125 0.46666666666666667406815349750104360282421112060546875
127 0.10394715022208385335478197930569876916706562042236328125 -0.393518530046362113861135867409757338464260101318359375 -0.110923072557782276259530362949590198695659637451171875
128 -0.0377123616632825398031769736917340196669101715087890625 -0.06531972647421808997325598511451971717178821563720703125 0.8933333333333333126091702069970779120922088623046875
129 0.258308710726085688502706716462853364646434783935546875 -0.09115166439152204425067083093381370417773723602294921875 0.411421251047414060497686705275555141270160675048828125
130 0.25352042460656798450457927174284122884273529052734375 -0.0694217285666379468889175541335134766995906829833984375 0.471420165132549140452056235517375171184539794921875
131 -0.169705627484771415236508573798346333205699920654296875 -0.293938769133981370185182413479196839034557342529296875 0.520000000000000017763568394002504646778106689453125
132 -0.11313708498984760553174311326074530370533466339111328125 -0.195959179422654228286404531900188885629177093505859375 0.68000000000000004884981308350688777863979339599609375
133 0.033734305652447706125318660497214295901358127593994140625 -0.441687886666548734648785057288478128612041473388671875 -0.12961746047222055810976826251135207712650299072265625
134 -0.09428090415820634950794243422933504916727542877197265625 -0.163299316185545217994246058879070915281772613525390625 0.73333333333333339254522798000834882259368896484375
135 0.249131670949513550628040547962882556021213531494140625 -0.28447530577872648382964371194248087704181671142578125 -0.049144731453572239321392345345884677954018115997314453125
136 0.06529212306125742326656791192363016307353973388671875 -0.0544347268689951702125284782596281729638576507568359375 0.7743256889338294701730092128855176270008087158203125
137 -0.471404520791031733661924363332218490540981292724609375 0.598764159346999225164154267986305058002471923828125 -0.333333333333333314829616256247390992939472198486328125
138 0.377123616632825509054072199432994239032268524169921875 0.32659863237109032496618965524248778820037841796875 -0.333333333333333314829616256247390992939472198486328125
139 -0.471404520791031733661924363332218490540981292724609375 0.544331053951817356306719375425018370151519775390625 -0.333333333333333314829616256247390992939472198486328125
140 0.8296719565922157091364397274446673691272735595703125 -0.0653197264742180205843169460422359406948089599609375 -0.333333333333333314829616256247390992939472198486328125
141 0.309518996056759976287509061876335181295871734619140625 -0.2461339724938317596869552517091506160795688629150390625 -0.040628603009692343395187208443530835211277008056640625
142 -0.2451303508113365225984381368107278831303119659423828125 -0.42457822208241757788726999933714978396892547607421875 0.3066666666666666429819088079966604709625244140625
143 -0.01027624848322025545577229621585502172820270061492919921875 -0.2728877533978242286849535958026535809040069580078125 0.3460970570961701131551535581820644438266754150390625
144 0.16321188116931073519566552931792102754116058349609375 -0.298343480831564311639425568500882945954799652099609375 0.03839424798678792161155115536530502140522003173828125
145 -0.075424723326565079606353947383468039333820343017578125 -0.1306394529484361799465119702290394343435764312744140625 0.786666666666666625218340413994155824184417724609375
146 -0.099568994466547156019231579193728975951671600341796875 -0.348120935633994099678290012889192439615726470947265625 0.288093161282891141450335226181778125464916229248046875
147 -0.471404520791031733661924363332218490540981292724609375 -0.163299316185545162483094827621243894100189208984375 -0.333333333333333314829616256247390992939472198486328125
148 -0.377123616632825398031769736917340196669101715087890625 -0.6531972647421808719769842355162836611270904541015625 -0.0666666666666666518636930049979127943515777587890625
149 -0.424862247771932322049082131343311630189418792724609375 -0.628618177243044140567462818580679595470428466796875 -0.2016919058787695895329505901827360503375530242919921875
150 0.037135632289917529236245030688223778270184993743896484375 -0.180007924302610311517724994700984098017215728759765625 0.5065547209693637142891020630486309528350830078125
151 -0.01044630612316765384817163209163481951691210269927978515625 -0.2003836217420018883661469999424298293888568878173828125 0.52393568171730697802246368155465461313724517822265625
152 -0.006550848573078083859899667373838383355177938938140869140625 -0.232747023698431088067906102878623642027378082275390625 0.439152851684479206273437057461705990135669708251953125
153 -0.471404520791031733661924363332218490540981292724609375 0.4898979485566357094938894078950397670269012451171875 -0.333333333333333314829616256247390992939472198486328125
154 0.1914764399438085573645906833917251788079738616943359375 -0.196856927822204264000305329318507574498653411865234375 0.247012396260250677304526334410184063017368316650390625
155 -0.075424723326565079606353947383468039333820343017578125 -0.58787753826796274037036482695839367806911468505859375 -0.333333333333333314829616256247390992939472198486328125
156 0.1246016748153762343509498577986960299313068389892578125 -0.2299046651007685959644533113532816059887409210205078125 0.260637502599358417132435761232045479118824005126953125
157 0.1019461391638796232683716880274005234241485595703125 -0.268727879867574237504612710836227051913738250732421875 0.197580202027372975326358073289156891405582427978515625
158 -0.056568542494923802765871556630372651852667331695556640625 -0.0979795897113271141432022659500944428145885467529296875 0.8400000000000000799360577730112709105014801025390625
159 0.44685920351669905503655400025309063494205474853515625 -0.17342453672108237849869283309089951217174530029296875 -0.056755969929770701265514531996814184822142124176025390625
160 -0.471404520791031733661924363332218490540981292724609375 0.05443310539518175783513243004563264548778533935546875 -0.333333333333333314829616256247390992939472198486328125
161 0.128543486527211647807433791967923752963542938232421875 -0.058043898205205522733418632697066641412675380706787109375 0.6760341247136931741579246590845286846160888671875
162 0.06843154662073536176336574499146081507205963134765625 -0.0729069978893753523063736565745784901082515716552734375 0.72463823516764980237070403745747171342372894287109375
163 -0.471404520791031733661924363332218490540981292724609375 -0.10886621079036340464796239757561124861240386962890625 -0.333333333333333314829616256247390992939472198486328125
164 0.433692159127749221614323005269397981464862823486328125 -0.29393876913398131467403118222136981785297393798828125 -0.333333333333333314829616256247390992939472198486328125
165 0.320555074137901574449216468565282411873340606689453125 -0.359258495608199390769499359521432779729366302490234375 -0.333333333333333314829616256247390992939472198486328125
166 -0.28284271247461900689046387924463488161563873291015625 -0.48989794855663559847158694537938572466373443603515625 0.20000000000000006661338147750939242541790008544921875
167 -0.1531466898755363403861196047728299163281917572021484375 -0.52235168683166433023501440402469597756862640380859375 -0.06291297316512274584443531466604326851665973663330078125
168 -0.03936111533391724315311677173667703755199909210205078125 -0.311571660831420571557970333742559887468814849853515625 0.292473435786873292574483684802544303238391876220703125
169 0.094280904158206391141305857672705315053462982177734375 -0.48989794855663559847158694537938572466373443603515625 -0.333333333333333314829616256247390992939472198486328125
170 0.207417989148053927284109931861166842281818389892578125 -0.42457822208241757788726999933714978396892547607421875 -0.333333333333333314829616256247390992939472198486328125
171 0.2076469127767575084675399921252392232418060302734375 -0.07406465282391301585551701691656489856541156768798828125 0.52492231237123576637060295979608781635761260986328125
172 0.367951329881439248570274003213853575289249420166015625 -0.2103492612304375952714252662190119735896587371826171875 -0.035610118797524382971975143163945176638662815093994140625
173 -0.15084944665313015921270789476693607866764068603515625 -0.261278905896872359893023940458078868687152862548828125 0.57333333333333336145898329050396569073200225830078125
174 -0.2262741699796952110634862265214906074106693267822265625 -0.39191835884530845657280906380037777125835418701171875 0.3600000000000000976996261670137755572795867919921875
175 -0.131993265821488903188907215735525824129581451416015625 -0.2286190426597633218452898518080473877489566802978515625 0.6266666666666667051543981870054267346858978271484375
176 -0.471404520791031733661924363332218490540981292724609375 -0.217732421580727031340529720182530581951141357421875 -0.333333333333333314829616256247390992939472198486328125
177 0.1571196680971952697181137637016945518553256988525390625 -0.06927843123834288852069818176460103131830692291259765625 0.60810242774695788536831742021604441106319427490234375
178 -0.37240957142491504239245614371611736714839935302734375 -0.38647504830579026968706557454424910247325897216796875 -0.0533333333333333159398392808725475333631038665771484375
179 -0.0624982479699183468557777132446062751114368438720703125 -0.52391253625679168326456647264421917498111724853515625 -0.1949325137729157331190066315684816800057888031005859375
180 -0.0137729553129936309330272337092537782154977321624755859375 -0.49213629251184964896737028539064340293407440185546875 -0.18600490036152328432450531181530095636844635009765625
181 0.30336564338831106812932603133958764374256134033203125 -0.133520925753547514691632613903493620455265045166015625 0.243918054681981910647436961880885064601898193359375
182 0.212300743709919526036600245788577012717723846435546875 -0.127319087903900840519355597280082292854785919189453125 0.38789460906242256843512450359412468969821929931640625
183 -0.471404520791031733661924363332218490540981292724609375 -0.32659863237109043598849211775814183056354522705078125 -0.333333333333333314829616256247390992939472198486328125
184 -0.018856180831641256023800679031410254538059234619140625 -0.555217675030853730078206353937275707721710205078125 -0.333333333333333314829616256247390992939472198486328125
185 0.184399399281742149003804343010415323078632354736328125 -0.07405799556086027635171120664381305687129497528076171875 0.557815568144901074987274114391766488552093505859375
186 0 0 1
187 0.20212072602459574266475783588248305022716522216796875 -0.09003154995574107199995950168158742599189281463623046875 0.493626769875862014824718926320201717317104339599609375
188 -0.137281621835000755549316409087623469531536102294921875 -0.54700117798105640787298398208804428577423095703125 -0.1457282432912806735547661673990660347044467926025390625
189 0.1809928825882598235619269644303130917251110076904296875 -0.0753608275856529064018474173280992545187473297119140625 0.5594418365719751040643359374371357262134552001953125
190 -0.27498597046143513633609245516709052026271820068359375 0.47628967220784013125722822223906405270099639892578125 0.22222222222222232090871330001391470432281494140625
191 -0.31426968052735448910794957555481232702732086181640625 0.544331053951817356306719375425018370151519775390625 0.111111111111111160454356650006957352161407470703125
192 0.114778859217316953067467011351254768669605255126953125 -0.11429182964168928260395574625363224186003208160400390625 0.55772151622991816832808353865402750670909881591796875
193 -0.245130350811336494842862521181814372539520263671875 -0.68585712797928988226914270853740163147449493408203125 -0.333333333333333314829616256247390992939472198486328125
194 0.09863053672995077125751350877180811949074268341064453125 -0.422765237970464113903545921857585199177265167236328125 -0.1750437567215750167548549143248237669467926025390625
195 -0.0785674201318386222769873938887030817568302154541015625 0.13608276348795433907667984385625459253787994384765625 0.77777777777777779011358916250173933804035186767578125
196 -0.414835978296107910079371094980160705745220184326171875 -0.78383671769061702416792059011640958487987518310546875 -0.333333333333333314829616256247390992939472198486328125
197 -0.2074179891480539550396855474900803528726100921630859375 -0.35925849560819944628065059077925980091094970703125 0.4133333333333333303727386009995825588703155517578125
198 0.6285393610547089782158991511096246540546417236328125 0 0.111111111111111160454356650006957352161407470703125
199 -0.3766171256292867308701488582300953567028045654296875 0.6102653423971562407501778579899109899997711181640625 -0.0652340937738178638927166730354656465351581573486328125
200 0.538029927888433068261520020314492285251617431640625 -0.0273736883645653052143931205364424386061728000640869140625 0.1720592101464137879673899078625254333019256591796875
201 -0.400693842672377009694884009149973280727863311767578125 -0.6531972647421808719769842355162836611270904541015625 -0.333333333333333314829616256247390992939472198486328125
202 -0.471404520791031733661924363332218490540981292724609375 -0.707630370137362518789814203046262264251708984375 -0.333333333333333314829616256247390992939472198486328125
203 0.1904161946300834407086455257740453816950321197509765625 0.27267266770940412623502879796433262526988983154296875 0.06280193236714980142831876719355932436883449554443359375
204 -0.01885618083164126990158848684586700983345508575439453125 -0.032659863237109044986627992557259858585894107818603515625 0.94666666666666665630458510349853895604610443115234375
205 -0.433692159127749221614323005269397981464862823486328125 -0.751176854453508013875762117095291614532470703125 -0.22666666666666657192763523198664188385009765625
206 0.1746253390001607785908532832763739861547946929931640625 -0.07259128806734611860651540382605162449181079864501953125 0.57523086171559345558534914744086563587188720703125
207 0.40979588990978133011822137632407248020172119140625 -0.0345436689370696436984786714674555696547031402587890625 0.335846731945385723605568273342214524745941162109375
208 -0.41814639104851980544452771937358193099498748779296875 0.64842065684539662573371288090129382908344268798828125 -0.182696594556360614181045320947305299341678619384765625
209 0.34566258349255030157820556269143708050251007080078125 -0.056546868196890413826860566359755466692149639129638671875 0.37264831278511800771724438163801096379756927490234375
210 -0.38596698902466985980908020792412571609020233154296875 0.618630003043733278644822348724119365215301513671875 -0.0916795010139911659141631616876111365854740142822265625
211 -0.457741946210211192447303574226680211722850799560546875 -0.70259544785405247946385998147889040410518646240234375 -0.294689736795072765307423878766712732613086700439453125
212 -0.414835978296107910079371094980160705745220184326171875 -0.7185169912163988925613011815585196018218994140625 -0.173333333333333339254522798000834882259368896484375
213 -0.3413245637761532780274364995420910418033599853515625 0.56481193629843051695615940843708813190460205078125 0.0345883454733673378900249417711165733635425567626953125
214 -0.304448753010874650914985295457881875336170196533203125 0.413918405609194461902688999543897807598114013671875 0.1388888888888889228123701968797831796109676361083984375
215 -0.225881332879036056393573517198092304170131683349609375 0.314124379051361313219814519470673985779285430908203125 0.361111111111111160454356650006957352161407470703125
216 -0.384148978141799546381918162296642549335956573486328125 0.62037176782370584415815528700477443635463714599609375 -0.086537389719797130904765936065814457833766937255859375
217 -0.03928371006591931113849369694435154087841510772705078125 0.068041381743977169538339921928127296268939971923828125 0.888888888888888839545643349993042647838592529296875
218 0.5744981584555060027952322343480773270130157470703125 -0.06437873477610418782024481743064825423061847686767578125 0.02984186226643036066175085352369933389127254486083984375
219 -0.41383004904544573587799050073954276740550994873046875 0.5944480862579573088311235551373101770877838134765625 -0.1704881357551846499109871047039632685482501983642578125
220 0.1746290351028793874643696426574024371802806854248046875 -0.0725912862596569397055645822547376155853271484375 0.5752256390649168604767282886314205825328826904296875
221 -0.397658073622809526970200977302738465368747711181640625 0.63254117631799255949687221800559200346469879150390625 -0.1247468818090718134516947657175478525459766387939453125
223 0.17462640795995110210014900076203048229217529296875 -0.07259138259547393001724913119687698781490325927734375 0.57522911843248081265045357213239185512065887451171875
225 0.170331823521975456170451934667653404176235198974609375 -0.071995710175944804820602485051495023071765899658203125 0.5827616714711163492523837703629396855831146240234375
226 -0.38071498929862623850084446530672721564769744873046875 0.617786307456528849257892943569459021091461181640625 -0.0768246025296899504031244987345417030155658721923828125
227 -0.3961972818057757361742687862715683877468109130859375 0.59871485999698770275045944799785502254962921142578125 -0.12061513861016624760136295435586362145841121673583984375
228 0.174620799319943120764264676836319267749786376953125 -0.07259002074266518445000428982893936336040496826171875 0.5752403860917325584267700833152048289775848388671875
230 -0.456100354398633223151904303449555300176143646240234375 -0.71989866960938242446133017438114620745182037353515625 -0.290046613987444412696703466281178407371044158935546875
231 -0.378360864572610922085260654057492502033710479736328125 0.618146190985496613023997269920073449611663818359375 -0.07016613229959245412459267754456959664821624755859375
232 -0.367242844673800028498789060904528014361858367919921875 0.61442919335206502839952236172393895685672760009765625 -0.038719623244327851241397553394563146866858005523681640625
233 0.17462591385178016789581079137860797345638275146484375 -0.072591325353759728056246558480779640376567840576171875 0.575229957419949311514528744737617671489715576171875
234 -0.371184009038186213391696810504072345793247222900390625 -0.5184301891234068815350610748282633721828460693359375 -0.049866919435640678914811729782741167582571506500244140625
235 0.361570197035699314458412345629767514765262603759765625 -0.09227625698282200528144159079602104611694812774658203125 0.262632778620355278320630532107315957546234130859375
236 -0.353553390593273786368655464684707112610340118408203125 0.6123724356957944703339080660953186452388763427734375 0
237 0.041183920458163603139922770424163900315761566162109375 -0.08870789235857239052318590211143600754439830780029296875 0.7244680687001332497487737782648764550685882568359375
239 0.167100898602786596125469031903776340186595916748046875 -0.386622530774031802902612753314315341413021087646484375 -0.1833442805486566185013685981175513006746768951416015625
240 0.1217171635255767381256220005525392480194568634033203125 -0.068896536770037375418951341998763382434844970703125 0.659104576437055555970800924114882946014404296875
241 -0.35826743580118414200796905788592994213104248046875 -0.6205374015050717506625232999795116484165191650390625 -0.013333333333333197145975645980797708034515380859375
242 0.174625703532313381050045109077473171055316925048828125 -0.07259125614579946261795129203164833597838878631591796875 0.575230424380780647197752841748297214508056640625
243 -0.1885618083164126712603092528297565877437591552734375 0.6531972647421808719769842355162836611270904541015625 -0.333333333333333314829616256247390992939472198486328125
244 0.94280904158206346732384872666443698108196258544921875 0 -0.333333333333333314829616256247390992939472198486328125
245 -0.256444059310321270661603421103791333734989166259765625 -0.587877538267962851392667289474047720432281494140625 -0.07733333333333332337833354586109635420143604278564453125
246 0.30623474339071521388433438914944417774677276611328125 -0.11247648366917827045252664674990228377282619476318359375 0.291408679575034579301018311525695025920867919921875
247 -0.471404520791031733661924363332218490540981292724609375 0.707630370137362518789814203046262264251708984375 -0.333333333333333314829616256247390992939472198486328125
248 -0.4360981738768108240122955976403318345546722412109375 -0.68969279740029876268891939616878516972064971923828125 -0.2334719040454519001226429963935515843331813812255859375
249 0.2411083078779575894490250220769667066633701324462890625 -0.357422687524202586928367963992059230804443359375 -0.2164818459303668729543090876177302561700344085693359375
250 -0.131993265821488903188907215735525824129581451416015625 -0.6205374015050717506625232999795116484165191650390625 -0.333333333333333314829616256247390992939472198486328125
251 0.773103414097291885553886459092609584331512451171875 -0.0979795897113271418987778815790079534053802490234375 -0.333333333333333314829616256247390992939472198486328125
252 0.1522610985556931140205705332846264354884624481201171875 -0.08361845606012814624552476061580819077789783477783203125 0.579847738974063275918524595908820629119873046875
253 0.1746260827632014345223154805353260599076747894287109375 -0.0725913065623254583069723366861580871045589447021484375 0.57522976457255203808216492689098231494426727294921875
254 -0.415013906335982396544892480960697866976261138916015625 0.67223040366991693161935472744517028331756591796875 -0.1738365898275673615547276540382881648838520050048828125
255 -0.320555074137901574449216468565282411873340606689453125 -0.555217675030853730078206353937275707721710205078125 0.093333333333333268200249221990816295146942138671875
256 -0.471404520791031733661924363332218490540981292724609375 -0.48989794855663559847158694537938572466373443603515625 -0.333333333333333314829616256247390992939472198486328125
257 0.174626253025794431206207946161157451570034027099609375 -0.07259133323594783859800116943006287328898906707763671875 0.57522945844811956828124266394297592341899871826171875
258 -0.471404520791031733661924363332218490540981292724609375 0.8164965809277260344600790631375275552272796630859375 -0.333333333333333314829616256247390992939472198486328125
259 -0.417215396027075746676615608521387912333011627197265625 -0.58336834827651407042736764196888543665409088134765625 -0.1800633429847046940164290163011173717677593231201171875
261 0.1746256764283604934195892610659939236938953399658203125 -0.0725912862540118719589798956803861074149608612060546875 0.57523038896180078705100413571926765143871307373046875
262 0.174625985466959565695077571945148520171642303466796875 -0.07259130868302786365742207408402464352548122406005859375 0.575229896975578025575259744073264300823211669921875
263 -0.452652368082293643514191217036568559706211090087890625 -0.74151586691466508938219703850336372852325439453125 -0.280294235964555438211931459591141901910305023193359375
264 0.1725593446647210871258693032359587959945201873779296875 -0.07401546278255853594796320749082951806485652923583984375 0.5746641175677122959086773335002362728118896484375
265 -0.471404520791031733661924363332218490540981292724609375 -0.76206347553254427662494663309189490973949432373046875 -0.333333333333333314829616256247390992939472198486328125
266 -0.43874934317296687691367651495966129004955291748046875 -0.72172730445660959741616125029395334422588348388671875 -0.24097054319499411345617545521236024796962738037109375
267 0.1746259392661429210580337212377344258129596710205078125 -0.07259131959031452085984170707888551987707614898681640625 0.5752299355961127957925782538950443267822265625
268 -0.387901438056059311154655233622179366648197174072265625 0.6266014060493418913466712183435447514057159423828125 -0.09715094912581236086257518991260440088808536529541015625
269 -0.392837100659193083629361353814601898193359375 0.68041381743977158436109675676561892032623291015625 -0.1111111111111109384097517249756492674350738525390625
270 0.1735433060235761215661653977804235182702541351318359375 -0.07249678712427161386688823085933108814060688018798828125 0.57699256651675756568664610313135199248790740966796875
271 0.1751867247351715783931780379134579561650753021240234375 -0.07283039346084774212641832491499371826648712158203125 0.57385125618659083013284316621138714253902435302734375
272 0.174625992440884891809815826491103507578372955322265625 -0.07259131450783461170228605396914645098149776458740234375 0.57522987284515381123384258899022825062274932861328125
273 0.139595660947090915993129556227358989417552947998046875 -0.3168254274611148613161049070185981690883636474609375 0.026521288221290455211498482412935118190944194793701171875
274 0.174625960180145423095154910697601735591888427734375 -0.07259131649183427070770591171822161413729190826416015625 0.57522991360894237811152152062277309596538543701171875
275 0.0192887817967672438312920490943724871613085269927978515625 -0.05633032861742441610442000410330365411937236785888671875 0.83474098102536975485321590895182453095912933349609375
276 -0.459519941916945617865764006637618876993656158447265625 -0.7497317344573646291649993145256303250789642333984375 -0.29971866807968250423499512180569581687450408935546875
277 0.0915587051053756706409103571786545217037200927734375 -0.294009050398130911130323283941834233701229095458984375 0.15034428425101442616806934893247671425342559814453125
278 -0.44883418993026624743691854746430180966854095458984375 -0.72940503171393367143338082314585335552692413330078125 -0.269494797312248290932501504357787780463695526123046875
279 0.086887612588259444112992468944867141544818878173828125 -0.15896356201670569507911068285466171801090240478515625 0.487742745239266028978164513318915851414203643798828125
280 -0.377795780681247805876665779578615911304950714111328125 0.6066327820645283086520294091315008699893951416015625 -0.0685678336935039711708128606915124692022800445556640625
281 -0.370224716649079466090910273123881779611110687255859375 0.5996403357369877173965733163640834391117095947265625 -0.047153630821728902133838090549033950082957744598388671875
282 0.11408842595056024882271827891599969007074832916259765625 -0.37226338790504309717022124459617771208286285400390625 -0.07320074957619937539021748307277448475360870361328125
283 -0.06717624136295428927123651874353527091443538665771484375 -0.422856144089085950188433571383939124643802642822265625 0.059219763985676972251059879681633901782333850860595703125
284 0.55072517875276327803391041015856899321079254150390625 -0.10450886697255458435140695883092121221125125885009765625 -0.034836414611668808927191776092513464391231536865234375
285 0.05231515809331764577105872149331844411790370941162109375 -0.333436215515943989995406582238501869142055511474609375 0.10926660412799138466510839862166903913021087646484375
286 -0.471404520791031733661924363332218490540981292724609375 0.4354648431614538406364545153337530791759490966796875 -0.333333333333333314829616256247390992939472198486328125
287 -0.471404520791031733661924363332218490540981292724609375 -0.59876415934699911414185180547065101563930511474609375 -0.333333333333333314829616256247390992939472198486328125
288 0.174597929844735821891532623340026475489139556884765625 -0.07258894080403656412503465844565653242170810699462890625 0.57527537371232873031345889103249646723270416259765625
289 0.1746250495925690537912799982223077677190303802490234375 -0.072593169621168185390303051462979055941104888916015625 0.5752266621529467105489175082766450941562652587890625
290 0.0726279407288948075649415159205091185867786407470703125 -0.03777073649481930972537924162679701112210750579833984375 0.80476954959254187738082464420585893094539642333984375
291 0.337463587157745659173002650277339853346347808837890625 -0.10558656376256984887884726731499540619552135467529296875 0.26412121332230464876289488529437221586704254150390625
292 0.1774270737399702146941393721135682426393032073974609375 -0.07289973484572286055449552577556460164487361907958984375 0.5705130732285532690895024643396027386188507080078125
293 -0.200189786495924837428361797719844616949558258056640625 0.1703756198869187665767555017737322486937046051025390625 0.433777777777777762135968941947794519364833831787109375
294 -0.35826743580118414200796905788592994213104248046875 -0.75117685445350790285345965457963757216930389404296875 -0.333333333333333314829616256247390992939472198486328125
295 -0.359107561036972666723698921487084589898586273193359375 0.59065000966911196389474980605882592499256134033203125 -0.0157095663384213511670761675986796035431325435638427734375
296 -0.38962163808152805444251498556695878505706787109375 0.61538333028329816887236347611178644001483917236328125 -0.10201640953783701337709288736732560209929943084716796875
297 0.094280904158206391141305857672705315053462982177734375 0.48989794855663559847158694537938572466373443603515625 -0.333333333333333314829616256247390992939472198486328125
298 -0.428707371060410069585344672304927371442317962646484375 0.63661394160633333338950023971847258508205413818359375 -0.212567556885893516049890195063198916614055633544921875
299 -0.39597979746446665405557041594875045120716094970703125 -0.68585712797928988226914270853740163147449493408203125 -0.1199999999999998845368054389837197959423065185546875
300 -0.471404520791031733661924363332218490540981292724609375 0.6531972647421808719769842355162836611270904541015625 -0.333333333333333314829616256247390992939472198486328125
301 -0.40126146288065578371373476329608820378780364990234375 0.61727241165811530532181450325879268348217010498046875 -0.1349388057269831631135303950941306538879871368408203125
302 -0.471404520791031733661924363332218490540981292724609375 0 -0.333333333333333314829616256247390992939472198486328125
